Date,Open,High,Low,Close,Adj Close,Volume
2015-01-02,69.000000,71.999001,68.010002,70.400002,70.400002,4218700
2015-01-05,71.230003,71.300003,67.059998,67.629997,67.629997,4534700
2015-01-06,67.930000,67.989998,63.020000,64.669998,64.669998,3749400
2015-01-07,65.010002,66.760002,63.509998,66.650002,66.650002,2122600
2015-01-08,67.949997,69.690002,67.129997,67.690002,67.690002,2510300
2015-01-09,68.449997,68.449997,66.610001,67.110001,67.110001,933900
2015-01-12,67.389999,67.989998,64.800003,65.519997,65.519997,1259200
2015-01-13,65.739998,67.589996,63.610001,65.019997,65.019997,1228400
2015-01-14,64.650002,65.449997,63.110001,64.589996,64.589996,980700
2015-01-15,64.230003,64.940002,63.599998,64.389999,64.389999,1246800
2015-01-16,64.019997,66.419998,63.810001,65.809998,65.809998,1392900
2015-01-20,65.750000,68.199997,65.230003,67.959999,67.959999,1096200
2015-01-21,67.610001,70.800003,67.570000,68.839996,68.839996,1451600
2015-01-22,69.540001,70.680000,67.029999,70.610001,70.610001,1332400
2015-01-23,70.720001,74.339996,70.570000,73.370003,73.370003,1677100
2015-01-26,72.400002,74.000000,72.300003,73.150002,73.150002,1571800
2015-01-27,73.000000,73.879997,71.500000,73.750000,73.750000,1246700
2015-01-28,75.000000,78.050003,74.220001,75.500000,75.500000,3063000
2015-01-29,72.699997,75.879997,72.199997,75.760002,75.760002,2636700
2015-01-30,74.639999,75.260002,73.309998,73.870003,73.870003,1623400
2015-02-02,73.080002,74.000000,66.879997,68.720001,68.720001,3348300
2015-02-03,68.739998,70.000000,67.050003,68.519997,68.519997,2551800
2015-02-04,67.529999,69.400002,66.760002,68.330002,68.330002,1499600
2015-02-05,67.660004,68.730003,66.500000,67.389999,67.389999,1322900
2015-02-06,67.500000,68.500000,65.529999,65.889999,65.889999,1302200
2015-02-09,65.199997,65.823997,63.349998,63.740002,63.740002,1562800
2015-02-10,63.869999,65.120003,63.669998,65.019997,65.019997,1306600
2015-02-11,64.930000,65.650002,63.169998,64.750000,64.750000,1096600
2015-02-12,65.629997,66.330002,65.000000,66.199997,66.199997,1159000
2015-02-13,66.349998,70.269997,65.629997,70.029999,70.029999,1870200
2015-02-17,70.000000,70.000000,68.059998,69.440002,69.440002,974000
2015-02-18,69.150002,70.000000,67.309998,67.540001,67.540001,1056700
2015-02-19,67.000000,68.169998,65.250000,65.300003,65.300003,1225400
2015-02-20,65.570000,65.769997,64.040001,65.169998,65.169998,1462900
2015-02-23,65.160004,65.879997,64.300003,65.050003,65.050003,889600
2015-02-24,65.360001,69.349998,65.199997,69.339996,69.339996,1700200
2015-02-25,68.949997,69.279999,66.599998,67.209999,67.209999,965200
2015-02-26,68.000000,71.720001,67.889999,71.529999,71.529999,2116400
2015-02-27,70.750000,71.428001,69.199997,69.400002,69.400002,1400900
2015-03-02,69.389999,70.800003,68.800003,69.349998,69.349998,1127900
2015-03-03,69.360001,70.959999,68.349998,70.839996,70.839996,1508900
2015-03-04,70.230003,73.250000,70.110001,72.019997,72.019997,1396500
2015-03-05,72.199997,75.160004,72.019997,74.510002,74.510002,1621900
2015-03-06,73.410004,74.500000,72.750000,72.980003,72.980003,988100
2015-03-09,73.239998,75.449997,73.129997,74.830002,74.830002,1076500
2015-03-10,74.129997,74.309998,71.739998,72.150002,72.150002,1365500
2015-03-11,72.669998,73.599998,72.050003,72.949997,72.949997,1039500
2015-03-12,73.339996,74.349998,72.919998,73.419998,73.419998,794800
2015-03-13,73.349998,73.989998,71.800003,72.570000,72.570000,761900
2015-03-16,74.209999,76.750000,74.000000,76.330002,76.330002,1822400
2015-03-17,76.160004,78.120003,75.900002,77.709999,77.709999,1824300
2015-03-18,77.860001,80.800003,77.690002,79.959999,79.959999,2272900
2015-03-19,81.519997,82.269997,79.209999,80.379997,80.379997,1886000
2015-03-20,81.440002,81.500000,79.695000,80.800003,80.800003,4741000
2015-03-23,81.150002,84.190002,81.070000,84.089996,84.089996,2000600
2015-03-24,84.599998,85.627998,82.660004,83.209999,83.209999,1792300
2015-03-25,83.550003,83.790001,75.519997,77.129997,77.129997,3728800
2015-03-26,73.500000,77.750000,72.099998,77.190002,77.190002,3005900
2015-03-27,77.629997,80.690002,77.510002,79.279999,79.279999,2634900
2015-03-30,80.220001,81.400002,79.709999,81.400002,81.400002,1820400
2015-03-31,80.930000,81.000000,78.550003,79.699997,79.699997,2006900
2015-04-01,78.529999,79.300003,77.809998,78.800003,78.800003,1430200
2015-04-02,79.199997,79.199997,76.669998,77.790001,77.790001,1603800
2015-04-06,76.879997,77.150002,75.199997,76.510002,76.510002,1613600
2015-04-07,77.080002,77.690002,72.730003,73.230003,73.230003,2251100
2015-04-08,73.800003,75.199997,72.510002,72.839996,72.839996,2108000
2015-04-09,72.709999,74.900002,71.220001,74.629997,74.629997,1385100
2015-04-10,75.610001,75.930000,72.760002,73.580002,73.580002,1315300
2015-04-13,73.790001,75.120003,72.110001,72.629997,72.629997,1242800
2015-04-14,72.379997,73.169998,69.300003,70.500000,70.500000,2457100
2015-04-15,71.000000,72.000000,69.370003,70.910004,70.910004,1714600
2015-04-16,70.800003,71.500000,68.610001,71.459999,71.459999,1495500
2015-04-17,70.699997,71.110001,69.610001,70.070000,70.070000,1177600
2015-04-20,70.400002,72.349998,70.400002,72.010002,72.010002,1216900
2015-04-21,72.500000,74.260002,72.010002,74.070000,74.070000,1159700
2015-04-22,74.250000,74.540001,73.059998,74.480003,74.480003,817900
2015-04-23,73.930000,73.949997,71.550003,73.269997,73.269997,1121000
2015-04-24,73.080002,73.099998,69.699997,70.120003,70.120003,1633000
2015-04-27,69.930000,71.690002,68.900002,69.370003,69.370003,1512900
2015-04-28,69.970001,70.307999,65.442001,67.860001,67.860001,2043700
2015-04-29,67.589996,69.000000,66.510002,68.650002,68.650002,994200
2015-04-30,68.470001,68.849998,65.800003,65.910004,65.910004,1632000
2015-05-01,66.800003,69.610001,66.680000,69.599998,69.599998,1708100
2015-05-04,69.849998,70.500000,68.660004,68.989998,68.989998,1621600
2015-05-05,68.510002,69.222000,66.019997,67.070000,67.070000,1532600
2015-05-06,67.699997,69.400002,66.500000,69.059998,69.059998,2131900
2015-05-07,77.629997,78.000000,73.209999,75.559998,75.559998,4721300
2015-05-08,76.379997,77.970001,76.209999,76.559998,76.559998,1991600
2015-05-11,75.989998,76.000000,73.839996,74.559998,74.559998,1697700
2015-05-12,74.129997,75.849998,74.000000,74.750000,74.750000,1381600
2015-05-13,75.349998,76.099998,74.330002,74.959999,74.959999,804100
2015-05-14,75.169998,77.214996,75.040001,76.980003,76.980003,1556400
2015-05-15,76.699997,77.139999,75.830002,76.540001,76.540001,1710700
2015-05-18,75.760002,80.389999,75.500000,80.300003,80.300003,2668800
2015-05-19,80.750000,81.889999,79.400002,80.099998,80.099998,1644100
2015-05-20,79.800003,81.989998,79.400002,81.150002,81.150002,1213500
2015-05-21,81.150002,81.849998,79.790001,81.260002,81.260002,1937800
2015-05-22,82.000000,84.642998,82.000000,84.029999,84.029999,3054900
2015-05-26,83.440002,83.730003,81.389999,82.459999,82.459999,2157300
2015-05-27,82.959999,86.750000,82.699997,86.400002,86.400002,2806100
2015-05-28,86.209999,86.330002,82.059998,82.300003,82.300003,2310500
2015-05-29,82.870003,84.330002,82.029999,82.150002,82.150002,2769600
2015-06-01,82.500000,83.362999,80.089996,80.940002,80.940002,2210400
2015-06-02,80.589996,80.959999,79.000000,80.860001,80.860001,1703800
2015-06-03,81.349998,81.906998,80.900002,81.550003,81.550003,2263400
2015-06-04,80.680000,82.099998,80.080002,81.320000,81.320000,1203800
2015-06-05,81.059998,83.849998,80.120003,83.699997,83.699997,1801100
2015-06-08,83.419998,83.768997,79.750000,80.239998,80.239998,2180100
2015-06-09,80.510002,81.000000,77.599998,80.050003,80.050003,2807700
2015-06-10,81.375000,82.739998,80.290001,82.500000,82.500000,6108700
2015-06-11,82.489998,83.000000,81.651001,82.000000,82.000000,28866300
2015-06-12,81.989998,83.699997,81.750000,83.510002,83.510002,2641000
2015-06-15,82.510002,82.989998,82.050003,82.180000,82.180000,2640800
2015-06-16,82.220001,84.989998,82.110001,84.750000,84.750000,2476500
2015-06-17,84.809998,85.070000,83.089996,84.559998,84.559998,1893600
2015-06-18,84.629997,85.459999,83.623001,84.650002,84.650002,2013000
2015-06-19,84.889999,86.279999,84.330002,85.250000,85.250000,2833100
2015-06-22,86.269997,88.349998,85.860001,87.809998,87.809998,2663900
2015-06-23,87.900002,87.959999,84.849998,85.309998,85.309998,2469400
2015-06-24,85.129997,85.879997,84.559998,84.589996,84.589996,1488600
2015-06-25,84.750000,85.860001,84.750000,84.980003,84.980003,1391300
2015-06-26,84.849998,85.000000,79.660004,80.410004,80.410004,20596300
2015-06-29,78.750000,81.690002,77.830002,79.059998,79.059998,2892500
2015-06-30,80.000000,81.000000,78.577003,80.269997,80.269997,1955200
2015-07-01,81.250000,82.250000,80.010002,80.360001,80.360001,1639100
2015-07-02,80.720001,81.550003,80.199997,81.360001,81.360001,1151400
2015-07-06,80.330002,81.934998,78.589996,79.989998,79.989998,2121600
2015-07-07,80.290001,80.430000,74.360001,79.949997,79.949997,3085800
2015-07-08,77.430000,77.449997,74.481003,74.680000,74.680000,3271800
2015-07-09,76.300003,77.269997,74.330002,74.629997,74.629997,2010600
2015-07-10,75.220001,76.500000,73.709999,76.160004,76.160004,2365800
2015-07-13,77.169998,78.209999,75.239998,76.610001,76.610001,1397400
2015-07-14,77.139999,78.519997,76.930000,77.959999,77.959999,1047500
2015-07-15,78.599998,79.099998,77.427002,77.879997,77.879997,1050700
2015-07-16,78.070000,80.519997,77.699997,80.239998,80.239998,1501000
2015-07-17,80.139999,80.790001,78.099998,78.860001,78.860001,1327600
2015-07-20,78.500000,79.580002,76.500000,76.699997,76.699997,2117600
2015-07-21,76.220001,77.949997,75.410004,77.449997,77.449997,1692300
2015-07-22,72.550003,74.879997,71.010002,74.169998,74.169998,3345600
2015-07-23,74.709999,77.220001,74.440002,75.239998,75.239998,1777400
2015-07-24,76.510002,77.169998,72.199997,72.279999,72.279999,1951500
2015-07-27,71.449997,71.449997,69.010002,69.940002,69.940002,1926400
2015-07-28,70.500000,71.084000,68.500000,70.750000,70.750000,1371700
2015-07-29,70.330002,70.849998,68.940002,70.470001,70.470001,2562700
2015-07-30,60.650002,62.348000,57.099998,60.485001,60.485001,10331400
2015-07-31,60.610001,60.790001,57.639999,57.950001,57.950001,4389300
2015-08-03,57.520000,58.610001,56.549999,57.520000,57.520000,3662900
2015-08-04,56.680000,58.139999,54.369999,55.060001,55.060001,5794800
2015-08-05,55.160000,56.830002,54.250000,54.830002,54.830002,4186000
2015-08-06,54.730000,54.830002,50.799999,51.830002,51.830002,3198800
2015-08-07,51.540001,53.070000,51.000000,52.200001,52.200001,1874100
2015-08-10,53.180000,55.099998,53.169998,54.529999,54.529999,2160600
2015-08-11,53.500000,54.910000,53.130001,53.860001,53.860001,2311300
2015-08-12,52.740002,57.599998,51.709999,56.959999,56.959999,3350700
2015-08-13,57.230000,59.680000,55.840000,58.320000,58.320000,3508200
2015-08-14,57.580002,58.680000,56.310001,58.240002,58.240002,2517100
2015-08-17,57.709999,58.430000,57.349998,58.279999,58.279999,1251400
2015-08-18,57.599998,57.939999,55.849998,55.930000,55.930000,1585700
2015-08-19,55.900002,56.849998,55.009998,55.590000,55.590000,1819900
2015-08-20,54.610001,55.355000,52.230000,52.360001,52.360001,2399500
2015-08-21,51.830002,51.990002,49.860001,49.990002,49.990002,3704000
2015-08-24,45.500000,51.070000,45.000000,48.500000,48.500000,3978200
2015-08-25,51.790001,52.972000,49.779999,49.810001,49.810001,2656100
2015-08-26,51.669998,52.970001,49.770000,52.750000,52.750000,2351000
2015-08-27,54.130001,55.889999,54.020000,54.740002,54.740002,2540700
2015-08-28,54.369999,55.919998,54.220001,55.790001,55.790001,1758000
2015-08-31,54.790001,56.279999,54.169998,55.509998,55.509998,2092800
2015-09-01,53.889999,55.939999,53.119999,53.450001,53.450001,2299300
2015-09-02,54.750000,55.439999,53.509998,54.820000,54.820000,1925100
2015-09-03,55.000000,58.360001,54.860001,56.570000,56.570000,2281100
2015-09-04,55.290001,56.639999,54.720001,55.790001,55.790001,1332200
2015-09-08,57.040001,58.400002,56.680000,58.189999,58.189999,1411300
2015-09-09,58.540001,59.450001,56.049999,56.549999,56.549999,2079900
2015-09-10,56.980000,57.160000,53.610001,53.980000,53.980000,2971300
2015-09-11,53.770000,54.380001,52.610001,53.520000,53.520000,1532000
2015-09-14,54.099998,54.497002,52.910000,53.490002,53.490002,1539900
2015-09-15,53.860001,54.080002,51.730000,52.730000,52.730000,1825700
2015-09-16,52.639999,53.279999,51.299999,51.740002,51.740002,1621700
2015-09-17,51.490002,52.660000,51.214001,51.389999,51.389999,1528300
2015-09-18,50.700001,51.730000,49.770000,50.730000,50.730000,3070100
2015-09-21,50.970001,51.349998,49.799999,49.900002,49.900002,1527000
2015-09-22,49.270000,49.820000,47.189999,47.369999,47.369999,2027100
2015-09-23,47.950001,49.810001,47.799999,48.060001,48.060001,1479200
2015-09-24,47.660000,47.959999,45.880001,46.770000,46.770000,1784400
2015-09-25,47.500000,49.150002,47.009998,47.680000,47.680000,1714100
2015-09-28,46.520000,46.970001,43.139999,43.250000,43.250000,3174700
2015-09-29,43.009998,44.669998,42.730000,43.570000,43.570000,1548100
2015-09-30,44.230000,45.470001,44.040001,45.049999,45.049999,1912100
2015-10-01,44.459999,44.630001,42.430000,43.630001,43.630001,2323900
2015-10-02,42.880001,44.980000,42.240002,44.959999,44.959999,1406800
2015-10-05,45.349998,45.860001,44.599998,44.770000,44.770000,1159000
2015-10-06,44.830002,45.040001,42.669998,44.279999,44.279999,1699500
2015-10-07,44.740002,45.730000,44.180000,45.549999,45.549999,1635000
2015-10-08,45.250000,45.430000,43.680000,45.259998,45.259998,1396500
2015-10-09,45.029999,46.275002,44.910000,45.660000,45.660000,1027000
2015-10-12,45.849998,46.730000,45.240002,46.430000,46.430000,1263800
2015-10-13,46.000000,46.198002,43.939999,44.139999,44.139999,1550000
2015-10-14,44.430000,46.970001,44.200001,46.500000,46.500000,2130500
2015-10-15,47.060001,48.790001,46.880001,48.310001,48.310001,1891000
2015-10-16,48.439999,48.439999,46.529999,47.320000,47.320000,961500
2015-10-19,47.290001,47.709999,46.290001,46.849998,46.849998,845400
2015-10-20,47.180000,48.250000,46.660000,48.200001,48.200001,1179400
2015-10-21,48.480000,48.900002,47.840000,48.500000,48.500000,1377000
2015-10-22,49.250000,50.810001,48.810001,49.549999,49.549999,1460800
2015-10-23,50.110001,51.625000,49.000000,51.500000,51.500000,1303500
2015-10-26,50.889999,50.950001,46.430000,46.759998,46.759998,1924600
2015-10-27,46.250000,46.750000,45.250000,45.889999,45.889999,1693300
2015-10-28,47.000000,47.070000,44.500000,45.169998,45.169998,2344300
2015-10-29,43.900002,45.169998,43.490002,43.810001,43.810001,1587800
2015-10-30,44.070000,44.799999,43.650002,43.930000,43.930000,1312100
2015-11-02,44.130001,45.599998,43.959999,45.270000,45.270000,1222700
2015-11-03,44.939999,46.279999,44.599998,45.709999,45.709999,3059200
2015-11-04,45.860001,47.049999,45.270000,46.570000,46.570000,1717700
2015-11-05,46.790001,46.861000,44.349998,45.080002,45.080002,2526700
2015-11-06,50.599998,55.830002,50.509998,55.549999,55.549999,5237000
2015-11-09,55.169998,55.180000,53.080002,54.090000,54.090000,1769600
2015-11-10,52.000000,52.980000,51.299999,52.290001,52.290001,2671700
2015-11-11,52.330002,52.919998,51.570000,52.200001,52.200001,1122600
2015-11-12,51.740002,52.180000,50.095001,50.970001,50.970001,1964200
2015-11-13,50.480000,52.029999,50.279999,51.000000,51.000000,1667900
2015-11-16,50.669998,51.980000,50.560001,51.840000,51.840000,1972200
2015-11-17,52.000000,55.040001,51.990002,54.740002,54.740002,2730600
2015-11-18,55.200001,56.964001,54.209999,56.340000,56.340000,2797300
2015-11-19,56.549999,57.279999,54.669998,55.770000,55.770000,1744300
2015-11-20,55.939999,56.099998,54.527000,54.779999,54.779999,1816800
2015-11-23,54.650002,55.360001,54.060001,54.849998,54.849998,1871300
2015-11-24,54.549999,56.119999,54.070000,55.750000,55.750000,2246700
2015-11-25,55.650002,58.240002,55.650002,57.340000,57.340000,1741000
2015-11-27,57.430000,57.730000,56.509998,57.509998,57.509998,1870600
2015-11-30,57.650002,58.430000,56.820000,58.070000,58.070000,1487800
2015-12-01,58.310001,59.790001,57.250000,58.040001,58.040001,1989700
2015-12-02,58.099998,59.430000,57.860001,58.480000,58.480000,1218000
2015-12-03,59.299999,60.000000,57.869999,58.090000,58.090000,1522900
2015-12-04,58.049999,59.950001,57.770000,59.540001,59.540001,1233500
2015-12-07,59.279999,59.400002,57.450001,57.630001,57.630001,1131900
2015-12-08,57.000000,57.639999,56.020000,57.279999,57.279999,914100
2015-12-09,57.029999,57.520000,54.862000,56.150002,56.150002,1422100
2015-12-10,56.200001,57.970001,55.880001,57.500000,57.500000,1268200
2015-12-11,56.669998,57.650002,55.959999,56.189999,56.189999,1231000
2015-12-14,56.060001,56.490002,52.110001,52.480000,52.480000,1908600
2015-12-15,52.400002,53.230000,50.560001,51.689999,51.689999,1876200
2015-12-16,52.230000,53.610001,50.209999,53.230000,53.230000,2435500
2015-12-17,53.470001,54.090000,52.108002,52.750000,52.750000,869700
2015-12-18,52.500000,53.270000,51.320000,51.630001,51.630001,2147000
2015-12-21,51.869999,53.400002,50.139999,53.349998,53.349998,1370400
2015-12-22,53.500000,53.700001,51.630001,52.410000,52.410000,882900
2015-12-23,52.590000,54.790001,52.259998,54.410000,54.410000,1065100
2015-12-24,54.290001,54.860001,54.169998,54.209999,54.209999,482600
2015-12-28,54.000000,54.090000,52.029999,52.889999,52.889999,978600
2015-12-29,53.180000,53.720001,51.400002,52.990002,52.990002,1134300
2015-12-30,52.959999,53.279999,51.599998,51.660000,51.660000,975400
2015-12-31,51.410000,51.830002,49.480000,50.900002,50.900002,1540000
2016-01-04,49.680000,50.799999,48.720001,50.720001,50.720001,1544100
2016-01-05,50.759998,50.970001,47.360001,47.529999,47.529999,1611800
2016-01-06,46.660000,46.689999,44.160000,44.619999,44.619999,2644600
2016-01-07,44.500000,47.110001,44.110001,45.639999,45.639999,3609800
2016-01-08,43.049999,45.320000,42.400002,44.490002,44.490002,7724400
2016-01-11,44.660000,44.860001,42.799999,44.220001,44.220001,2159800
2016-01-12,44.369999,45.770000,44.009998,44.779999,44.779999,1318100
2016-01-13,40.740002,42.250000,38.900002,40.389999,40.389999,5785300
2016-01-14,40.560001,40.639999,38.959999,39.419998,39.419998,2222800
2016-01-15,37.919998,38.049999,35.160000,36.599998,36.599998,3559500
2016-01-19,37.209999,37.480000,35.720001,36.290001,36.290001,1987000
2016-01-20,35.540001,37.939999,35.310001,37.049999,37.049999,1884700
2016-01-21,37.450001,38.400002,36.599998,37.840000,37.840000,1363000
2016-01-22,38.810001,41.150002,38.259998,41.060001,41.060001,2804100
2016-01-25,40.770000,40.810001,39.480000,39.759998,39.759998,1363300
2016-01-26,40.200001,40.500000,39.025002,39.759998,39.759998,1500000
2016-01-27,39.310001,39.419998,36.799999,37.020000,37.020000,2321100
2016-01-28,37.090000,37.709999,36.130001,36.669998,36.669998,1879000
2016-01-29,37.259998,39.980000,37.180000,39.599998,39.599998,2477000
2016-02-01,39.450001,40.549999,38.340000,39.970001,39.970001,1758400
2016-02-02,39.250000,39.349998,37.070000,37.150002,37.150002,1372000
2016-02-03,37.240002,37.590000,35.520000,37.060001,37.060001,1301500
2016-02-04,37.389999,38.939999,37.090000,38.779999,38.779999,2783800
2016-02-05,36.599998,38.200001,34.900002,37.250000,37.250000,3651500
2016-02-08,36.610001,37.220001,35.430000,36.419998,36.419998,2460900
2016-02-09,35.650002,37.060001,35.029999,35.139999,35.139999,1702600
2016-02-10,35.279999,36.669998,34.599998,35.360001,35.360001,1315400
2016-02-11,34.540001,34.900002,33.299999,34.529999,34.529999,1564400
2016-02-12,35.200001,37.730000,34.820000,37.549999,37.549999,2090800
2016-02-16,38.119999,41.230000,37.509998,40.779999,40.779999,2704400
2016-02-17,41.230000,44.720001,41.040001,41.590000,41.590000,4120000
2016-02-18,41.599998,42.299999,39.919998,40.410000,40.410000,2317200
2016-02-19,40.119999,42.110001,40.110001,41.849998,41.849998,1923000
2016-02-22,42.790001,43.000000,41.228001,41.959999,41.959999,2008200
2016-02-23,41.730000,42.320000,40.950001,41.490002,41.490002,1425200
2016-02-24,40.980000,42.470001,40.540001,42.169998,42.169998,1485000
2016-02-25,42.310001,43.060001,41.430000,42.669998,42.669998,1444700
2016-02-26,43.080002,44.139999,42.720001,43.459999,43.459999,2503100
2016-02-29,43.500000,46.639999,43.470001,45.080002,45.080002,2249600
2016-03-01,45.520000,48.243000,45.500000,47.360001,47.360001,2361000
2016-03-02,46.660000,48.290001,46.650002,47.650002,47.650002,1825900
2016-03-03,47.730000,49.130001,47.230000,49.110001,49.110001,1878200
2016-03-04,49.560001,50.820000,48.590000,49.900002,49.900002,2496300
2016-03-07,49.500000,50.070000,48.377998,49.060001,49.060001,2235200
2016-03-08,48.910000,49.099998,46.860001,47.090000,47.090000,2326900
2016-03-09,47.540001,48.680000,46.230000,48.180000,48.180000,1432200
2016-03-10,48.200001,48.930000,46.680000,47.400002,47.400002,1359900
2016-03-11,48.070000,49.110001,47.514999,48.639999,48.639999,1058700
2016-03-14,48.310001,49.130001,47.590000,48.730000,48.730000,1614700
2016-03-15,49.360001,49.900002,48.099998,49.270000,49.270000,1238700
2016-03-16,48.930000,50.169998,48.139999,48.990002,48.990002,1593400
2016-03-17,48.689999,49.430000,48.240002,49.200001,49.200001,1352800
2016-03-18,49.389999,51.150002,49.160000,50.689999,50.689999,2730900
2016-03-21,50.650002,51.200001,50.029999,50.639999,50.639999,756800
2016-03-22,50.349998,51.849998,50.180000,51.750000,51.750000,1226300
2016-03-23,51.720001,51.779999,49.500000,49.520000,49.520000,906700
2016-03-24,49.230000,49.470001,48.580002,49.240002,49.240002,1295700
2016-03-28,49.660000,49.669998,48.849998,49.099998,49.099998,863200
2016-03-29,48.799999,50.689999,48.209999,50.580002,50.580002,1032500
2016-03-30,51.000000,51.950001,50.779999,51.230000,51.230000,1270700
2016-03-31,51.009998,51.250000,50.369999,50.410000,50.410000,1029900
2016-04-01,50.150002,51.270000,49.549999,50.820000,50.820000,1231300
2016-04-04,50.930000,51.250000,50.340000,50.619999,50.619999,763400
2016-04-05,50.029999,50.619999,49.680000,49.860001,49.860001,768800
2016-04-06,49.970001,50.580002,48.435001,50.500000,50.500000,1168400
2016-04-07,49.849998,50.490002,48.639999,48.730000,48.730000,1098200
2016-04-08,49.430000,49.799999,48.779999,49.240002,49.240002,1143200
2016-04-11,49.410000,49.470001,47.950001,47.990002,47.990002,905900
2016-04-12,47.959999,48.340000,47.160000,47.680000,47.680000,1195600
2016-04-13,48.099998,50.160000,47.820000,50.040001,50.040001,1265500
2016-04-14,49.410000,49.900002,48.799999,49.630001,49.630001,885900
2016-04-15,49.290001,49.790001,47.610001,47.740002,47.740002,1472900
2016-04-18,47.299999,47.520000,46.660000,47.160000,47.160000,1350700
2016-04-19,46.980000,47.000000,44.869999,45.240002,45.240002,2333000
2016-04-20,45.060001,46.279999,44.576000,45.939999,45.939999,1669200
2016-04-21,45.860001,46.330002,44.650002,45.349998,45.349998,1265100
2016-04-22,45.259998,46.349998,45.240002,45.700001,45.700001,859600
2016-04-25,45.520000,45.700001,44.520000,45.049999,45.049999,639400
2016-04-26,45.419998,46.930000,45.180000,46.299999,46.299999,1082600
2016-04-27,44.299999,47.380001,44.299999,46.619999,46.619999,2316900
2016-04-28,46.230000,46.880001,45.639999,45.830002,45.830002,1382900
2016-04-29,45.669998,46.494999,43.970001,45.029999,45.029999,2132200
2016-05-02,45.070000,45.119999,44.000000,44.709999,44.709999,1196400
2016-05-03,44.320000,45.189999,44.320000,45.040001,45.040001,1433200
2016-05-04,44.480000,45.430000,43.790001,44.509998,44.509998,2385300
2016-05-05,47.900002,48.950001,46.509998,46.660000,46.660000,4693000
2016-05-06,46.650002,46.827999,45.020000,46.110001,46.110001,1750400
2016-05-09,46.270000,46.584000,45.400002,45.619999,45.619999,914300
2016-05-10,45.860001,46.880001,45.060001,46.639999,46.639999,1217900
2016-05-11,46.400002,46.880001,45.970001,45.990002,45.990002,729200
2016-05-12,46.189999,46.540001,44.520000,45.180000,45.180000,1682800
2016-05-13,45.240002,46.380001,44.520000,44.990002,44.990002,1266800
2016-05-16,45.029999,46.410000,45.000000,45.560001,45.560001,1255200
2016-05-17,45.540001,46.700001,45.270000,45.830002,45.830002,1287700
2016-05-18,45.630001,47.680000,45.349998,47.220001,47.220001,2056300
2016-05-19,46.709999,48.070000,46.369999,47.169998,47.169998,1696500
2016-05-20,47.660000,49.450001,47.400002,49.400002,49.400002,1782200
2016-05-23,50.000000,51.560001,50.000000,50.400002,50.400002,1909100
2016-05-24,50.740002,51.529999,50.060001,50.980000,50.980000,936700
2016-05-25,50.970001,51.450001,50.240002,50.650002,50.650002,963800
2016-05-26,50.730000,51.040001,50.209999,50.529999,50.529999,786700
2016-05-27,50.380001,50.669998,49.799999,50.529999,50.529999,1006400
2016-05-31,50.750000,51.430000,50.250000,50.970001,50.970001,1244700
2016-06-01,50.650002,52.340000,50.500000,52.139999,52.139999,1574600
2016-06-02,52.000000,53.740002,51.990002,53.490002,53.490002,1814200
2016-06-03,54.000000,54.669998,52.730000,53.669998,53.669998,2155100
2016-06-06,53.810001,55.110001,53.810001,54.810001,54.810001,1752300
2016-06-07,54.919998,55.900002,54.689999,55.490002,55.490002,1185400
2016-06-08,55.560001,56.139999,54.950001,56.040001,56.040001,1419600
2016-06-09,56.009998,56.500000,55.200001,56.070000,56.070000,1365100
2016-06-10,55.400002,55.400002,53.880001,54.029999,54.029999,2308000
2016-06-13,53.509998,54.459999,53.400002,53.689999,53.689999,1792700
2016-06-14,53.570000,54.549999,53.400002,54.430000,54.430000,1310400
2016-06-15,54.720001,55.259998,53.759998,54.939999,54.939999,1565700
2016-06-16,54.209999,54.860001,53.500000,54.810001,54.810001,1051800
2016-06-17,54.750000,54.830002,53.549999,54.500000,54.500000,1507100
2016-06-20,55.520000,56.750000,54.930000,55.980000,55.980000,1459400
2016-06-21,56.320000,56.580002,55.580002,56.330002,56.330002,957800
2016-06-22,56.259998,57.044998,55.560001,55.639999,55.639999,1457500
2016-06-23,56.150002,58.299999,56.000000,58.279999,58.279999,1334100
2016-06-24,56.200001,56.990002,54.090000,54.939999,54.939999,4327100
2016-06-27,53.990002,54.049999,50.250000,50.689999,50.689999,1904100
2016-06-28,51.810001,53.380001,51.259998,52.750000,52.750000,1435900
2016-06-29,53.099998,54.880001,52.877998,54.650002,54.650002,1735400
2016-06-30,54.790001,55.259998,53.840000,55.259998,55.259998,1450000
2016-07-01,54.400002,54.750000,52.939999,54.500000,54.500000,1509900
2016-07-05,53.750000,54.000000,50.630001,51.820000,51.820000,1526100
2016-07-06,51.490002,52.680000,50.450001,52.570000,52.570000,1263100
2016-07-07,53.459999,54.939999,53.450001,54.369999,54.369999,1265000
2016-07-08,54.840000,56.250000,54.700001,56.020000,56.020000,1084500
2016-07-11,56.939999,58.680000,56.430000,57.730000,57.730000,1596300
2016-07-12,58.209999,58.650002,57.580002,58.000000,58.000000,1142600
2016-07-13,58.439999,58.499001,56.650002,56.669998,56.669998,1271700
2016-07-14,57.540001,59.480000,57.060001,59.310001,59.310001,1535900
2016-07-15,59.500000,59.599998,58.680000,59.419998,59.419998,1005600
2016-07-18,59.790001,60.980000,59.540001,60.660000,60.660000,1333000
2016-07-19,60.310001,60.618999,60.099998,60.400002,60.400002,760900
2016-07-20,60.720001,61.169998,59.810001,60.799999,60.799999,1120200
2016-07-21,61.230000,61.419998,59.759998,60.099998,60.099998,1296700
2016-07-22,59.400002,61.000000,58.470001,60.560001,60.560001,2098700
2016-07-25,60.770000,61.130001,60.340000,60.619999,60.619999,1196200
2016-07-26,61.130001,61.750000,60.080002,60.380001,60.380001,2172100
2016-07-27,64.199997,64.800003,62.180000,63.009998,63.009998,2865800
2016-07-28,63.000000,64.379997,62.520000,63.099998,63.099998,1351800
2016-07-29,63.000000,63.439999,61.790001,63.230000,63.230000,2546700
2016-08-01,63.500000,64.480003,63.099998,63.470001,63.470001,1807600
2016-08-02,63.340000,63.340000,61.099998,61.450001,61.450001,3358600
2016-08-03,55.500000,56.509998,54.049999,55.119999,55.119999,7982500
2016-08-04,55.470001,55.500000,52.459999,53.410000,53.410000,4671100
2016-08-05,53.790001,55.270000,53.327999,55.049999,55.049999,2741900
2016-08-08,55.090000,55.441002,54.064999,54.299999,54.299999,2269900
2016-08-09,54.380001,55.200001,54.380001,54.490002,54.490002,1656500
2016-08-10,54.860001,54.880001,54.060001,54.139999,54.139999,1230600
2016-08-11,54.490002,54.869999,54.130001,54.480000,54.480000,1105300
2016-08-12,54.570000,54.869999,54.250000,54.590000,54.590000,1170400
2016-08-15,54.540001,56.450001,54.540001,55.770000,55.770000,2221100
2016-08-16,55.410000,55.619999,54.860001,55.279999,55.279999,1343000
2016-08-17,55.009998,55.639999,54.330002,54.560001,54.560001,1305900
2016-08-18,54.720001,55.669998,54.570000,55.200001,55.200001,1308200
2016-08-19,55.060001,56.521000,54.910000,56.230000,56.230000,1351800
2016-08-22,56.049999,56.450001,55.570000,55.980000,55.980000,889800
2016-08-23,56.279999,56.630001,55.939999,56.029999,56.029999,1734000
2016-08-24,56.119999,57.918999,56.080002,57.310001,57.310001,1964000
2016-08-25,57.130001,58.389000,57.020000,57.939999,57.939999,1665100
2016-08-26,57.840000,58.529999,56.700001,57.619999,57.619999,1294000
2016-08-29,57.639999,58.130001,57.529999,57.869999,57.869999,802400
2016-08-30,57.500000,58.029999,57.290001,57.689999,57.689999,1359200
2016-08-31,57.459999,57.750000,56.750000,57.430000,57.430000,1625700
2016-09-01,57.459999,57.849998,56.340000,57.750000,57.750000,1581800
2016-09-02,57.950001,58.330002,57.150002,57.599998,57.599998,965700
2016-09-06,57.849998,57.849998,55.450001,56.020000,56.020000,2521500
2016-09-07,54.959999,56.259998,54.959999,55.930000,55.930000,1769900
2016-09-08,55.709999,56.099998,55.320000,55.430000,55.430000,2224800
2016-09-09,55.000000,55.310001,52.430000,52.480000,52.480000,3136300
2016-09-12,52.000000,53.799999,51.189999,53.759998,53.759998,2047000
2016-09-13,54.009998,54.570000,53.330002,53.919998,53.919998,1641700
2016-09-14,53.860001,55.419998,53.580002,55.110001,55.110001,2186700
2016-09-15,55.369999,56.860001,55.237000,56.529999,56.529999,2219100
2016-09-16,56.669998,56.669998,54.980000,55.759998,55.759998,3648200
2016-09-19,55.750000,56.639999,55.560001,56.330002,56.330002,1240400
2016-09-20,56.470001,56.540001,54.619999,54.750000,54.750000,1489200
2016-09-21,54.930000,56.090000,54.730000,56.070000,56.070000,1093700
2016-09-22,56.369999,56.970001,56.189999,56.520000,56.520000,928000
2016-09-23,56.480000,56.650002,54.840000,54.869999,54.869999,1257800
2016-09-26,54.439999,54.689999,53.549999,53.990002,53.990002,1286100
2016-09-27,53.840000,54.730999,53.299999,54.599998,54.599998,926600
2016-09-28,54.889999,55.604000,54.180000,54.619999,54.619999,846700
2016-09-29,54.299999,54.830002,52.820000,53.680000,53.680000,2948700
2016-09-30,54.110001,56.209999,53.860001,55.740002,55.740002,2216500
2016-10-03,55.400002,56.139999,54.099998,54.150002,54.150002,1414600
2016-10-04,54.320000,54.939999,54.060001,54.250000,54.250000,1007600
2016-10-05,54.560001,55.700001,54.299999,54.500000,54.500000,1416600
2016-10-06,54.720001,55.439999,53.849998,55.340000,55.340000,1124500
2016-10-07,55.570000,56.869999,55.240002,56.639999,56.639999,1645600
2016-10-10,56.689999,57.228001,55.750000,56.020000,56.020000,831900
2016-10-11,55.919998,56.097000,54.950001,55.520000,55.520000,1178100
2016-10-12,55.480000,55.610001,54.630001,55.209999,55.209999,1159000
2016-10-13,54.790001,54.994999,52.709999,52.910000,52.910000,1698200
2016-10-14,53.029999,54.279999,52.910000,53.000000,53.000000,846500
2016-10-17,52.930000,53.380001,52.599998,52.650002,52.650002,632600
2016-10-18,53.180000,54.060001,53.169998,53.590000,53.590000,818200
2016-10-19,53.320000,54.380001,52.990002,54.349998,54.349998,667200
2016-10-20,54.369999,55.160000,54.200001,54.880001,54.880001,1135500
2016-10-21,54.540001,54.910000,53.804001,54.700001,54.700001,830400
2016-10-24,55.299999,57.490002,55.000000,57.290001,57.290001,1813500
2016-10-25,57.180000,57.430000,56.150002,56.330002,56.330002,988800
2016-10-26,55.820000,56.799999,55.419998,56.650002,56.650002,968400
2016-10-27,57.080002,57.290001,55.259998,55.590000,55.590000,1448200
2016-10-28,55.799999,56.200001,54.099998,54.180000,54.180000,1124700
2016-10-31,54.549999,55.950001,54.459999,55.650002,55.650002,992800
2016-11-01,55.660000,56.650002,55.158001,56.009998,56.009998,1210000
2016-11-02,55.730000,56.480000,55.415001,56.060001,56.060001,1304200
2016-11-03,56.029999,57.680000,55.720001,56.740002,56.740002,3605800
2016-11-04,48.360001,51.459999,48.279999,51.080002,51.080002,10113500
2016-11-07,51.480000,51.500000,49.759998,50.470001,50.470001,4073300
2016-11-08,50.209999,51.590000,49.610001,50.959999,50.959999,2737600
2016-11-09,50.060001,51.930000,49.601002,51.779999,51.779999,2023800
2016-11-10,51.790001,53.599998,50.750999,51.560001,51.560001,2272900
2016-11-11,52.930000,54.580002,52.590000,53.520000,53.520000,2038400
2016-11-14,53.330002,53.540001,52.310001,52.740002,52.740002,1282900
2016-11-15,53.049999,54.810001,52.869999,54.299999,54.299999,1400900
2016-11-16,54.439999,54.702000,53.799999,54.400002,54.400002,1328200
2016-11-17,54.570000,55.590000,54.200001,55.549999,55.549999,1168100
2016-11-18,55.410000,55.925999,54.330002,55.279999,55.279999,1123000
2016-11-21,55.369999,55.900002,54.500000,54.950001,54.950001,885500
2016-11-22,55.259998,55.625000,54.709999,55.299999,55.299999,904400
2016-11-23,55.209999,55.250000,54.430000,54.610001,54.610001,931300
2016-11-25,54.580002,55.029999,53.639999,54.900002,54.900002,660200
2016-11-28,54.820000,55.680000,54.570000,54.860001,54.860001,889100
2016-11-29,54.549999,54.770000,54.060001,54.279999,54.279999,834500
2016-11-30,54.480000,54.799999,53.250000,53.410000,53.410000,1152900
2016-12-01,53.410000,53.485001,49.790001,50.029999,50.029999,1947200
2016-12-02,49.939999,50.959999,49.529999,50.540001,50.540001,1169400
2016-12-05,50.959999,52.630001,50.759998,52.480000,52.480000,1443600
2016-12-06,52.770000,54.250000,52.720001,54.060001,54.060001,1340000
2016-12-07,54.000000,55.470001,53.500000,55.139999,55.139999,1765500
2016-12-08,55.000000,58.919998,55.000000,57.810001,57.810001,3092500
2016-12-09,58.400002,59.119999,56.099998,56.480000,56.480000,1443000
2016-12-12,56.480000,56.549999,54.470001,54.790001,54.790001,1121300
2016-12-13,54.919998,55.259998,54.480000,54.779999,54.779999,965400
2016-12-14,54.759998,54.990002,53.419998,53.590000,53.590000,1234700
2016-12-15,54.000000,56.090000,53.450001,55.689999,55.689999,2170200
2016-12-16,56.040001,56.380001,54.570000,54.689999,54.689999,1771000
2016-12-19,54.930000,55.500000,54.689999,55.450001,55.450001,712700
2016-12-20,55.700001,55.720001,54.009998,54.740002,54.740002,958100
2016-12-21,54.849998,55.450001,54.669998,54.990002,54.990002,785200
2016-12-22,55.459999,55.799999,54.860001,55.099998,55.099998,711800
2016-12-23,55.099998,55.580002,54.880001,55.529999,55.529999,1073200
2016-12-27,55.380001,56.150002,55.290001,55.540001,55.540001,745700
2016-12-28,55.549999,55.750000,54.009998,54.700001,54.700001,1064500
2016-12-29,54.470001,54.566002,52.900002,53.610001,53.610001,982900
2016-12-30,53.750000,53.808998,52.049999,52.730000,52.730000,1223200
2017-01-03,53.180000,53.950001,52.119999,52.900002,52.900002,1841200
2017-01-04,52.990002,54.560001,52.740002,54.509998,54.509998,1503800
2017-01-05,54.040001,54.520000,52.810001,53.360001,53.360001,1343400
2017-01-06,53.599998,54.410000,53.090000,53.860001,53.860001,943000
2017-01-09,53.910000,55.349998,53.910000,54.369999,54.369999,1253000
2017-01-10,54.430000,56.580002,54.430000,56.400002,56.400002,1972600
2017-01-11,56.349998,56.860001,55.500000,56.799999,56.799999,1106800
2017-01-12,56.060001,56.939999,55.369999,56.840000,56.840000,1622200
2017-01-13,56.779999,58.980000,56.630001,58.570000,58.570000,1598700
2017-01-17,58.029999,58.869999,56.900002,57.259998,57.259998,2066300
2017-01-18,57.700001,59.290001,57.630001,59.169998,59.169998,1567900
2017-01-19,59.189999,59.799999,58.110001,58.310001,58.310001,2206600
2017-01-20,60.040001,61.700001,59.509998,61.020000,61.020000,3420600
2017-01-23,60.919998,62.110001,60.919998,61.849998,61.849998,2224000
2017-01-24,62.150002,63.090000,61.919998,62.500000,62.500000,2435100
2017-01-25,63.130001,64.080002,62.549999,64.040001,64.040001,1840800
2017-01-26,63.700001,64.190002,62.799999,63.340000,63.340000,2106800
2017-01-27,63.570000,63.959999,62.889999,63.650002,63.650002,1133800
2017-01-30,63.520000,64.510002,63.009998,64.290001,64.290001,3150200
2017-01-31,63.840000,64.419998,63.279999,64.209999,64.209999,1944600
2017-02-01,65.150002,65.970001,63.340000,64.550003,64.550003,4150200
2017-02-02,61.340000,65.690002,61.119999,63.349998,63.349998,5477900
2017-02-03,63.459999,64.629997,63.360001,63.959999,63.959999,1559400
2017-02-06,63.490002,64.360001,63.310001,64.360001,64.360001,2005700
2017-02-07,64.360001,65.050003,64.190002,64.750000,64.750000,1270800
2017-02-08,64.930000,66.250000,64.550003,66.199997,66.199997,1745400
2017-02-09,66.129997,66.400002,65.570000,66.279999,66.279999,1305100
2017-02-10,66.320000,66.419998,65.580002,66.269997,66.269997,1003300
2017-02-13,66.470001,67.199997,66.099998,66.529999,66.529999,1085600
2017-02-14,66.489998,66.739998,65.815002,66.440002,66.440002,996500
2017-02-15,66.419998,67.410004,66.141998,67.169998,67.169998,785400
2017-02-16,67.260002,67.680000,66.370003,67.150002,67.150002,837600
2017-02-17,66.900002,67.599998,65.860001,67.120003,67.120003,1688700
2017-02-21,67.029999,67.949997,66.849998,67.570000,67.570000,2758300
2017-02-22,67.559998,68.660004,67.217003,67.550003,67.550003,1144100
2017-02-23,68.019997,68.300003,66.389999,67.199997,67.199997,1315100
2017-02-24,66.370003,66.559998,64.180000,66.190002,66.190002,1574800
2017-02-27,66.279999,67.660004,65.599998,67.620003,67.620003,1292000
2017-02-28,67.610001,67.699997,65.930000,66.099998,66.099998,1317500
2017-03-01,66.500000,68.000000,66.230003,67.849998,67.849998,1354800
2017-03-02,68.010002,68.050003,66.059998,66.110001,66.110001,1202600
2017-03-03,66.190002,66.820000,65.769997,66.209999,66.209999,921500
2017-03-06,65.879997,66.589996,65.559998,66.419998,66.419998,1712100
2017-03-07,66.230003,67.370003,65.959999,66.889999,66.889999,1676300
2017-03-08,66.599998,67.370003,65.987999,66.400002,66.400002,1239800
2017-03-09,66.290001,67.120003,65.500000,66.650002,66.650002,821900
2017-03-10,66.849998,67.639999,66.610001,67.110001,67.110001,1012500
2017-03-13,67.129997,67.790001,67.105003,67.680000,67.680000,872600
2017-03-14,67.449997,68.180000,66.800003,67.849998,67.849998,1298500
2017-03-15,68.339996,69.120003,67.489998,68.949997,68.949997,1616000
2017-03-16,68.709999,69.040001,67.110001,68.220001,68.220001,2005900
2017-03-17,68.339996,68.339996,67.345001,67.419998,67.419998,2264400
2017-03-20,67.199997,67.989998,66.500000,67.580002,67.580002,1040300
2017-03-21,67.800003,67.848999,65.339996,65.529999,65.529999,1983400
2017-03-22,65.449997,66.889999,64.790001,66.529999,66.529999,1377500
2017-03-23,66.449997,67.400002,66.190002,66.830002,66.830002,945800
2017-03-24,67.330002,68.129997,67.230003,67.639999,67.639999,899800
2017-03-27,66.959999,68.419998,66.169998,68.370003,68.370003,1069800
2017-03-28,68.110001,68.839996,67.697998,68.250000,68.250000,949500
2017-03-29,68.120003,68.364998,67.400002,67.849998,67.849998,1078900
2017-03-30,68.010002,69.709999,67.839996,69.080002,69.080002,1596300
2017-03-31,69.160004,69.160004,68.540001,68.559998,68.559998,1060700
2017-04-03,68.559998,68.919998,67.059998,68.050003,68.050003,1484900
2017-04-04,67.580002,68.559998,67.120003,68.320000,68.320000,1155800
2017-04-05,68.419998,69.870003,68.419998,68.599998,68.599998,1760300
2017-04-06,68.529999,69.410004,68.239998,69.290001,69.290001,1259600
2017-04-07,69.360001,71.910004,69.305000,71.330002,71.330002,2905900
2017-04-10,71.220001,72.419998,70.620003,70.639999,70.639999,1885600
2017-04-11,69.760002,70.230003,68.370003,70.199997,70.199997,2242900
2017-04-12,70.230003,70.440002,68.620003,68.760002,68.760002,1373600
2017-04-13,68.379997,69.550003,68.114998,68.480003,68.480003,2031300
2017-04-17,68.519997,69.220001,68.519997,69.070000,69.070000,939800
2017-04-18,68.830002,69.620003,68.580002,69.540001,69.540001,1005400
2017-04-19,70.099998,71.190002,69.849998,69.989998,69.989998,947400
2017-04-20,70.610001,71.339996,70.000000,71.029999,71.029999,867100
2017-04-21,70.889999,70.900002,70.139999,70.160004,70.160004,1248500
2017-04-24,71.320000,71.650002,70.839996,70.940002,70.940002,816000
2017-04-25,71.459999,71.769997,71.181000,71.309998,71.309998,1351300
2017-04-26,71.300003,71.551003,70.260002,70.970001,70.970001,1056800
2017-04-27,71.300003,71.650002,70.769997,71.120003,71.120003,1395300
2017-04-28,70.339996,70.349998,67.610001,68.029999,68.029999,2850000
2017-05-01,68.260002,68.949997,67.720001,68.610001,68.610001,1147800
2017-05-02,68.529999,68.529999,67.300003,68.339996,68.339996,1294300
2017-05-03,67.900002,68.440002,67.500000,68.050003,68.050003,2257600
2017-05-04,66.870003,69.980003,66.449997,67.019997,67.019997,4479900
2017-05-05,67.269997,67.339996,65.870003,66.900002,66.900002,1637300
2017-05-08,66.830002,67.050003,65.389999,65.650002,65.650002,1592300
2017-05-09,65.809998,66.889999,65.650002,66.160004,66.160004,1797700
2017-05-10,66.360001,66.885002,65.739998,66.790001,66.790001,1102500
2017-05-11,66.510002,67.070000,65.839996,67.019997,67.019997,1507800
2017-05-12,66.870003,67.820000,66.836998,67.800003,67.800003,1743000
2017-05-15,67.260002,72.127998,67.260002,71.540001,71.540001,4529800
2017-05-16,71.730003,74.919998,71.665001,74.839996,74.839996,3182700
2017-05-17,73.779999,74.589996,72.500000,72.540001,72.540001,2765300
2017-05-18,72.160004,75.980003,71.750000,75.550003,75.550003,3399400
2017-05-19,76.089996,76.495003,75.239998,75.510002,75.510002,2091000
2017-05-22,75.779999,78.830002,75.745003,78.070000,78.070000,2953900
2017-05-23,78.260002,78.610001,76.360001,78.550003,78.550003,1858100
2017-05-24,78.809998,79.199997,77.370003,78.389999,78.389999,1745400
2017-05-25,78.650002,79.325996,77.849998,78.830002,78.830002,1907900
2017-05-26,78.860001,78.879997,77.760002,77.839996,77.839996,1349500
2017-05-30,77.709999,79.099998,77.440002,78.650002,78.650002,1878700
2017-05-31,78.930000,79.338997,77.199997,77.949997,77.949997,1409200
2017-06-01,78.070000,79.059998,77.610001,79.059998,79.059998,1285700
2017-06-02,78.949997,79.110001,77.559998,78.949997,78.949997,1573400
2017-06-05,78.690002,79.089996,77.019997,77.300003,77.300003,1444000
2017-06-06,77.089996,78.209999,76.339996,77.500000,77.500000,1070900
2017-06-07,77.449997,78.370003,77.080002,77.669998,77.669998,1133200
2017-06-08,77.629997,78.180000,76.639999,78.080002,78.080002,1445300
2017-06-09,77.779999,78.989998,73.389999,75.269997,75.269997,2088000
2017-06-12,74.199997,74.760002,71.199997,74.629997,74.629997,2174400
2017-06-13,75.040001,76.389999,74.300003,74.650002,74.650002,1147300
2017-06-14,74.919998,75.309998,70.879997,72.129997,72.129997,2132500
2017-06-15,70.750000,72.300003,70.279999,71.680000,71.680000,2756000
2017-06-16,72.050003,72.330002,71.230003,71.720001,71.720001,1685100
2017-06-19,72.290001,72.830002,71.800003,72.459999,72.459999,1734400
2017-06-20,72.250000,72.510002,70.779999,70.860001,70.860001,1044900
2017-06-21,71.300003,72.180000,70.620003,71.180000,71.180000,1316500
2017-06-22,71.099998,71.120003,69.324997,70.489998,70.489998,1089000
2017-06-23,70.709999,70.790001,69.790001,69.940002,69.940002,2683700
2017-06-26,69.949997,70.419998,66.110001,66.410004,66.410004,3320600
2017-06-27,66.080002,66.339996,64.099998,64.489998,64.489998,2499400
2017-06-28,65.070000,66.190002,63.806000,65.949997,65.949997,2362500
2017-06-29,65.570000,65.750000,63.029999,64.290001,64.290001,1957500
2017-06-30,64.449997,64.800003,63.060001,63.320000,63.320000,1584900
2017-07-03,63.490002,63.950001,62.680000,63.000000,63.000000,807200
2017-07-05,63.430000,65.339996,63.360001,65.019997,65.019997,2265800
2017-07-06,64.080002,65.080002,63.590000,64.010002,64.010002,1964400
2017-07-07,64.419998,66.260002,64.279999,65.860001,65.860001,1948900
2017-07-10,65.620003,65.980003,63.970001,65.000000,65.000000,2001200
2017-07-11,64.989998,66.150002,64.833000,65.930000,65.930000,997700
2017-07-12,66.290001,67.809998,65.730003,67.470001,67.470001,2382700
2017-07-13,67.300003,67.779999,66.320000,67.370003,67.370003,2169400
2017-07-14,67.709999,68.080002,67.230003,67.320000,67.320000,789100
2017-07-17,67.300003,67.550003,66.610001,67.000000,67.000000,1196500
2017-07-18,66.889999,67.169998,66.160004,66.980003,66.980003,909400
2017-07-19,67.250000,67.699997,66.860001,67.639999,67.639999,911600
2017-07-20,67.720001,68.959999,67.040001,68.720001,68.720001,1202100
2017-07-21,68.720001,69.419998,67.519997,69.290001,69.290001,1563600
2017-07-24,69.279999,69.500000,68.800003,69.169998,69.169998,1642800
2017-07-25,69.199997,69.730003,68.406998,69.294998,69.294998,1076100
2017-07-26,69.529999,70.269997,68.980003,69.540001,69.540001,746300
2017-07-27,69.620003,69.660004,68.324997,69.099998,69.099998,2024100
2017-07-28,68.870003,69.349998,68.370003,69.000000,69.000000,789400
2017-07-31,69.190002,69.260002,68.029999,68.559998,68.559998,1448400
2017-08-01,68.669998,68.669998,67.680000,68.070000,68.070000,1396500
2017-08-02,69.370003,69.370003,66.629997,66.860001,66.860001,2264100
2017-08-03,66.300003,68.974998,64.699997,66.889999,66.889999,2459100
2017-08-04,66.699997,68.099998,66.220001,66.620003,66.620003,965500
2017-08-07,66.820000,69.180000,66.820000,68.800003,68.800003,1366900
2017-08-08,68.410004,69.800003,67.555000,69.160004,69.160004,1369100
2017-08-09,68.809998,69.419998,68.389999,69.059998,69.059998,865000
2017-08-10,68.639999,68.669998,67.489998,67.769997,67.769997,1277900
2017-08-11,67.669998,69.050003,66.830002,68.900002,68.900002,961000
2017-08-14,69.540001,71.610001,69.500000,71.419998,71.419998,1537900
2017-08-15,71.339996,72.300003,70.430000,71.760002,71.760002,1694200
2017-08-16,71.900002,72.470001,71.459999,72.419998,72.419998,1281500
2017-08-17,72.110001,72.735001,71.160004,71.190002,71.190002,1388600
2017-08-18,71.709999,71.809998,69.599998,69.669998,69.669998,1285200
2017-08-21,69.620003,69.980003,68.519997,69.330002,69.330002,828100
2017-08-22,69.739998,71.110001,69.709999,71.010002,71.010002,806900
2017-08-23,70.529999,70.889999,70.050003,70.669998,70.669998,752600
2017-08-24,70.989998,71.199997,70.129997,70.250000,70.250000,827500
2017-08-25,70.519997,71.260002,70.199997,70.930000,70.930000,837500
2017-08-28,71.150002,71.150002,70.059998,70.599998,70.599998,721300
2017-08-29,69.910004,70.690002,69.309998,70.459999,70.459999,510700
2017-08-30,70.760002,73.169998,70.620003,73.120003,73.120003,832000
2017-08-31,73.190002,73.660004,72.820000,73.220001,73.220001,811000
2017-09-01,73.389999,74.230003,73.070000,73.260002,73.260002,703000
2017-09-05,72.930000,73.989998,72.239998,73.379997,73.379997,869800
2017-09-06,73.269997,73.974998,72.035004,73.320000,73.320000,726000
2017-09-07,73.410004,75.709999,73.139999,73.220001,73.220001,2006600
2017-09-08,73.290001,73.400002,71.440002,71.610001,71.610001,707000
2017-09-11,72.339996,73.160004,72.139999,72.629997,72.629997,780400
2017-09-12,72.900002,73.639999,72.550003,72.949997,72.949997,915000
2017-09-13,72.900002,73.239998,72.309998,73.010002,73.010002,522600
2017-09-14,72.559998,74.690002,72.559998,73.480003,73.480003,645300
2017-09-15,73.370003,75.550003,73.224998,75.489998,75.489998,1440900
2017-09-18,75.500000,76.470001,74.199997,74.349998,74.349998,1000800
2017-09-19,74.440002,74.610001,73.635002,74.320000,74.320000,645500
2017-09-20,74.300003,74.320000,69.930000,70.320000,70.320000,2221800
2017-09-21,70.209999,70.720001,69.059998,70.610001,70.610001,1653600
2017-09-22,70.379997,71.570000,70.230003,71.199997,71.199997,1035700
2017-09-25,70.639999,70.639999,68.260002,68.660004,68.660004,1932800
2017-09-26,69.000000,69.370003,67.697998,68.239998,68.239998,1113300
2017-09-27,69.230003,70.769997,68.650002,70.250000,70.250000,1041500
2017-09-28,70.250000,70.720001,69.570000,70.199997,70.199997,883500
2017-09-29,70.199997,71.089996,69.220001,70.680000,70.680000,1020400
2017-10-02,70.839996,72.059998,70.839996,71.290001,71.290001,801500
2017-10-03,71.519997,71.760002,71.019997,71.389999,71.389999,428600
2017-10-04,71.019997,72.169998,70.528000,72.160004,72.160004,642800
2017-10-05,72.239998,72.680000,71.110001,71.699997,71.699997,759900
2017-10-06,71.639999,72.800003,71.639999,72.690002,72.690002,607200
2017-10-09,72.650002,72.940002,72.110001,72.660004,72.660004,417900
2017-10-10,72.750000,72.809998,71.010002,71.839996,71.839996,986600
2017-10-11,71.900002,73.000000,71.900002,72.940002,72.940002,839500
2017-10-12,72.720001,73.070000,72.260002,72.360001,72.360001,1233000
2017-10-13,72.580002,73.029999,72.080002,72.389999,72.389999,663400
2017-10-16,72.269997,72.739998,72.129997,72.529999,72.529999,721400
2017-10-17,72.519997,73.190002,71.580002,72.269997,72.269997,1020900
2017-10-18,72.269997,72.345001,70.910004,72.019997,72.019997,797400
2017-10-19,71.500000,71.500000,69.120003,69.680000,69.680000,1596200
2017-10-20,70.129997,70.550003,69.720001,69.919998,69.919998,779600
2017-10-23,70.080002,70.529999,69.500000,69.800003,69.800003,1163800
2017-10-24,70.110001,71.660004,69.769997,71.440002,71.440002,1220400
2017-10-25,71.800003,73.389999,71.309998,71.779999,71.779999,1460300
2017-10-26,72.129997,72.519997,71.445000,71.559998,71.559998,594600
2017-10-27,72.739998,73.760002,71.199997,73.720001,73.720001,1237400
2017-10-30,74.019997,76.589996,73.750000,76.250000,76.250000,1620300
2017-10-31,76.449997,77.055000,75.279999,75.809998,75.809998,1417400
2017-11-01,76.160004,76.589996,73.860001,74.459999,74.459999,1953100
2017-11-02,71.730003,74.809998,71.190002,74.300003,74.300003,2612300
2017-11-03,74.349998,74.480003,71.730003,73.839996,73.839996,2903500
2017-11-06,73.779999,78.970001,73.470001,78.489998,78.489998,3093600
2017-11-07,77.580002,79.980003,76.699997,78.459999,78.459999,1758100
2017-11-08,78.480003,80.940002,78.110001,80.820000,80.820000,1716700
2017-11-09,80.480003,80.959999,78.320000,79.470001,79.470001,1463200
2017-11-10,81.199997,81.199997,79.029999,79.570000,79.570000,928200
2017-11-13,79.160004,79.919998,78.559998,79.080002,79.080002,1005900
2017-11-14,79.000000,79.779999,78.070000,78.410004,78.410004,784300
2017-11-15,78.260002,78.370003,76.330002,76.680000,76.680000,1128600
2017-11-16,77.050003,78.160004,76.989998,77.910004,77.910004,872600
2017-11-17,78.040001,78.397003,76.680000,77.330002,77.330002,927100
2017-11-20,77.599998,79.230003,77.599998,79.139999,79.139999,726600
2017-11-21,79.470001,80.839996,79.400002,80.589996,80.589996,1177200
2017-11-22,80.540001,80.712997,79.300003,79.610001,79.610001,637400
2017-11-24,79.750000,80.650002,79.750000,80.620003,80.620003,238700
2017-11-27,80.000000,80.430000,79.221001,79.739998,79.739998,905900
2017-11-28,79.989998,80.000000,77.793999,79.029999,79.029999,1120900
2017-11-29,78.970001,79.105003,75.269997,76.690002,76.690002,1501600
2017-11-30,76.889999,77.489998,76.175003,76.580002,76.580002,1252300
2017-12-01,76.089996,76.300003,71.660004,74.209999,74.209999,2124900
2017-12-04,74.760002,75.309998,71.849998,72.400002,72.400002,2211700
2017-12-05,72.040001,73.260002,70.830002,71.779999,71.779999,1862400
2017-12-06,70.000000,71.010002,67.529999,70.099998,70.099998,3573600
2017-12-07,71.529999,71.559998,68.349998,68.720001,68.720001,1864300
2017-12-08,69.279999,69.370003,67.660004,67.879997,67.879997,2150000
2017-12-11,67.639999,68.900002,67.639999,68.620003,68.620003,1559000
2017-12-12,68.110001,68.459999,66.519997,67.690002,67.690002,1913700
2017-12-13,68.139999,69.084999,67.059998,67.290001,67.290001,1565300
2017-12-14,67.199997,67.330002,65.209999,65.230003,65.230003,1991800
2017-12-15,65.570000,66.150002,64.720001,65.529999,65.529999,4164800
2017-12-18,66.000000,67.330002,65.300003,67.050003,67.050003,1824100
2017-12-19,66.750000,67.279999,66.364998,66.790001,66.790001,878500
2017-12-20,67.220001,67.519997,66.129997,67.070000,67.070000,845000
2017-12-21,67.250000,67.550003,67.059998,67.480003,67.480003,913400
2017-12-22,67.489998,68.209999,67.349998,67.690002,67.690002,877400
2017-12-26,65.839996,67.690002,64.529999,65.900002,65.900002,1260000
2017-12-27,66.250000,67.989998,65.980003,67.260002,67.260002,1135400
2017-12-28,67.510002,67.900002,66.849998,67.360001,67.360001,850200
2017-12-29,67.360001,67.570000,66.580002,66.599998,66.599998,714800
2018-01-02,67.059998,68.970001,66.080002,68.879997,68.879997,1345800
2018-01-03,69.080002,70.008003,68.139999,68.389999,68.389999,1552800
2018-01-04,68.690002,69.879997,68.089996,68.720001,68.720001,1346900
2018-01-05,69.059998,69.438004,67.919998,68.029999,68.029999,1556400
2018-01-08,67.889999,68.970001,67.290001,68.839996,68.839996,1390100
2018-01-09,69.139999,69.970001,68.440002,69.000000,69.000000,1513600
2018-01-10,68.699997,68.980003,67.349998,67.739998,67.739998,1691600
2018-01-11,68.000000,69.389999,67.669998,68.879997,68.879997,1022400
2018-01-12,69.120003,71.230003,68.705002,71.040001,71.040001,1621700
2018-01-16,71.370003,71.610001,68.910004,69.300003,69.300003,1188400
2018-01-17,69.470001,71.089996,69.320000,70.849998,70.849998,1025700
2018-01-18,70.839996,71.989998,70.589996,70.699997,70.699997,1233500
2018-01-19,70.500000,70.500000,67.129997,68.400002,68.400002,2820300
2018-01-22,68.120003,68.519997,65.559998,66.339996,66.339996,3155900
2018-01-23,66.440002,67.790001,66.099998,67.320000,67.320000,2130400
2018-01-24,66.760002,67.885002,65.800003,66.900002,66.900002,2797900
2018-01-25,67.459999,67.519997,65.720001,66.059998,66.059998,1914900
2018-01-26,66.419998,67.940002,66.099998,67.940002,67.940002,1932000
2018-01-29,67.320000,68.449997,67.300003,68.190002,68.190002,2286200
2018-01-30,67.480003,75.080002,67.400002,70.669998,70.669998,6126500
2018-01-31,71.500000,71.949997,69.879997,71.769997,71.769997,3927000
2018-02-01,79.320000,85.239998,77.889999,83.339996,83.339996,10691400
2018-02-02,82.410004,83.889999,80.620003,80.769997,80.769997,4082300
2018-02-05,80.199997,81.970001,75.349998,75.580002,75.580002,4736300
2018-02-06,74.989998,79.250000,74.110001,79.070000,79.070000,3857200
2018-02-07,78.750000,80.019997,78.070000,78.089996,78.089996,3619000
2018-02-08,78.089996,80.620003,76.809998,76.849998,76.849998,2670100
2018-02-09,77.760002,79.800003,75.500000,77.849998,77.849998,3382800
2018-02-12,78.339996,79.949997,77.940002,79.169998,79.169998,1615200
2018-02-13,78.800003,79.699997,78.510002,79.349998,79.349998,1184900
2018-02-14,78.809998,79.830002,78.449997,78.820000,78.820000,1748000
2018-02-15,78.970001,79.720001,77.480003,78.559998,78.559998,1393900
2018-02-16,78.370003,78.820000,77.290001,77.309998,77.309998,1387000
2018-02-20,77.370003,80.879997,77.370003,80.169998,80.169998,2328000
2018-02-21,80.379997,80.839996,79.720001,79.949997,79.949997,1735700
2018-02-22,80.169998,80.599998,78.120003,78.500000,78.500000,1632400
2018-02-23,78.980003,80.160004,78.570000,80.129997,80.129997,1073600
2018-02-26,80.129997,81.489998,79.860001,81.480003,81.480003,1029400
2018-02-27,81.580002,82.279999,81.180000,81.209999,81.209999,1143700
2018-02-28,81.250000,81.930000,80.150002,80.709999,80.709999,989300
2018-03-01,80.830002,81.089996,78.160004,78.610001,78.610001,1488400
2018-03-02,77.870003,81.300003,77.870003,81.129997,81.129997,1667300
2018-03-05,80.650002,83.532997,80.650002,83.190002,83.190002,1692500
2018-03-06,83.459999,84.239998,83.250000,83.680000,83.680000,1261300
2018-03-07,82.830002,84.300003,82.769997,83.320000,83.320000,1778500
2018-03-08,83.500000,84.290001,82.699997,84.230003,84.230003,1383400
2018-03-09,84.449997,85.510002,83.884003,85.510002,85.510002,1437600
2018-03-12,86.000000,86.839996,83.959999,86.389999,86.389999,1861700
2018-03-13,86.559998,86.559998,83.070000,83.419998,83.419998,1774700
2018-03-14,83.459999,83.750000,81.250000,82.220001,82.220001,1390900
2018-03-15,79.480003,80.019997,74.790001,79.000000,79.000000,6676800
2018-03-16,79.290001,81.620003,78.989998,80.750000,80.750000,2831900
2018-03-19,79.800003,80.309998,77.419998,78.419998,78.419998,2532000
2018-03-20,75.050003,76.660004,73.519997,75.070000,75.070000,4309600
2018-03-21,75.070000,75.919998,73.919998,74.180000,74.180000,2088200
2018-03-22,73.430000,74.430000,72.190002,72.650002,72.650002,2639800
2018-03-23,72.760002,73.400002,70.610001,71.550003,71.550003,2167400
2018-03-26,72.550003,73.529999,71.260002,73.339996,73.339996,1813800
2018-03-27,73.489998,73.570000,69.635002,70.230003,70.230003,1855900
2018-03-28,69.930000,70.870003,68.129997,68.540001,68.540001,1717600
2018-03-29,69.120003,71.059998,68.250000,70.449997,70.449997,1542200
2018-04-02,70.070000,70.440002,68.059998,68.529999,68.529999,1275200
2018-04-03,69.010002,69.930000,68.650002,69.709999,69.709999,1093800
2018-04-04,68.220001,71.589996,67.809998,71.510002,71.510002,1231800
2018-04-05,71.660004,72.400002,70.934998,71.410004,71.410004,1622900
2018-04-06,70.699997,71.529999,69.330002,69.720001,69.720001,1291500
2018-04-09,70.099998,71.440002,69.570000,69.589996,69.589996,1157500
2018-04-10,70.800003,71.639999,70.410004,71.239998,71.239998,1072900
2018-04-11,70.910004,72.820000,70.419998,72.199997,72.199997,1026600
2018-04-12,72.720001,73.389999,72.019997,72.510002,72.510002,1486400
2018-04-13,72.900002,72.900002,71.620003,72.550003,72.550003,829500
2018-04-16,72.750000,72.910004,71.220001,72.279999,72.279999,1075300
2018-04-17,72.860001,73.830002,72.559998,73.470001,73.470001,810300
2018-04-18,73.260002,73.769997,72.129997,73.120003,73.120003,950400
2018-04-19,71.400002,71.769997,69.709999,70.629997,70.629997,2796700
2018-04-20,70.779999,71.029999,68.540001,69.879997,69.879997,1670400
2018-04-23,70.209999,70.669998,68.300003,68.680000,68.680000,2354700
2018-04-24,68.889999,69.459999,67.745003,68.059998,68.059998,2218200
2018-04-25,68.110001,68.650002,67.139999,67.660004,67.660004,1453400
2018-04-26,68.430000,69.144997,67.290001,68.480003,68.480003,1250200
2018-04-27,68.589996,68.589996,67.220001,67.379997,67.379997,1451000
2018-04-30,67.339996,68.440002,66.300003,67.400002,67.400002,2140100
2018-05-01,68.650002,72.459999,68.339996,71.800003,71.800003,2421000
2018-05-02,72.000000,74.690002,71.860001,74.239998,74.239998,3812100
2018-05-03,74.029999,77.750000,70.779999,76.730003,76.730003,3988000
2018-05-04,76.190002,79.540001,75.839996,79.489998,79.489998,1760900
2018-05-07,79.830002,81.410004,79.160004,79.639999,79.639999,2452200
2018-05-08,79.199997,80.419998,78.879997,79.889999,79.889999,1702100
2018-05-09,79.940002,80.860001,79.500000,80.209999,80.209999,1249200
2018-05-10,80.790001,82.050003,80.000000,81.989998,81.989998,1204500
2018-05-11,81.260002,82.089996,81.260002,81.639999,81.639999,854200
2018-05-14,82.330002,83.419998,81.044998,81.669998,81.669998,1202300
2018-05-15,81.129997,81.260002,79.459999,80.099998,80.099998,1158800
2018-05-16,80.379997,81.239998,80.199997,81.050003,81.050003,1106600
2018-05-17,79.165001,81.190002,79.165001,80.610001,80.610001,686400
2018-05-18,80.019997,80.150002,78.750000,79.589996,79.589996,1734400
2018-05-21,80.470001,81.830002,79.809998,81.150002,81.150002,1344700
2018-05-22,81.570000,82.290001,80.629997,80.779999,80.779999,1061200
2018-05-23,81.180000,81.339996,80.000000,81.300003,81.300003,1259300
2018-05-24,81.320000,81.940002,80.500000,81.230003,81.230003,1370100
2018-05-25,81.480003,82.084999,81.269997,81.489998,81.489998,1066500
2018-05-29,80.860001,81.050003,78.980003,79.940002,79.940002,1582600
2018-05-30,79.910004,81.040001,79.650002,80.930000,80.930000,1143500
2018-05-31,80.809998,81.540001,80.019997,80.250000,80.250000,1120600
2018-06-01,80.629997,82.000000,80.300003,81.809998,81.809998,1218500
2018-06-04,82.000000,82.000000,80.917999,81.690002,81.690002,794600
2018-06-05,81.970001,82.250000,81.239998,81.720001,81.720001,735700
2018-06-06,81.410004,81.720001,79.160004,80.089996,80.089996,2314900
2018-06-07,79.949997,82.110001,79.519997,81.040001,81.040001,1684500
2018-06-08,79.089996,80.980003,78.419998,80.160004,80.160004,1682500
2018-06-11,79.989998,80.300003,79.639999,79.830002,79.830002,599400
2018-06-12,79.839996,81.239998,79.544998,80.730003,80.730003,916400
2018-06-13,81.010002,81.500000,80.019997,80.400002,80.400002,1176600
2018-06-14,80.839996,83.959999,80.500000,83.650002,83.650002,2586200
2018-06-15,83.669998,85.239998,82.870003,85.120003,85.120003,2787000
2018-06-18,85.010002,86.500000,84.220001,85.790001,85.790001,2090300
2018-06-19,84.730003,85.214996,82.830002,83.510002,83.510002,1037200
2018-06-20,84.300003,84.489998,83.190002,83.459999,83.459999,872700
2018-06-21,83.830002,83.830002,82.089996,82.230003,82.230003,704000
2018-06-22,82.830002,82.940002,81.459999,82.050003,82.050003,1599600
2018-06-25,81.699997,81.970001,79.411003,80.360001,80.360001,984000
2018-06-26,80.430000,82.114998,79.860001,81.720001,81.720001,858100
2018-06-27,81.809998,82.320000,79.879997,79.889999,79.889999,670700
2018-06-28,79.620003,80.629997,79.309998,80.480003,80.480003,597300
2018-06-29,80.830002,81.349998,80.099998,80.169998,80.169998,981500
2018-07-02,79.750000,80.290001,78.760002,80.099998,80.099998,710400
2018-07-03,80.199997,80.220001,77.000000,77.440002,77.440002,938100
2018-07-05,79.510002,82.040001,78.606003,81.820000,81.820000,2329300
2018-07-06,81.769997,81.907997,80.059998,81.529999,81.529999,774400
2018-07-09,82.010002,82.739998,81.129997,82.580002,82.580002,771500
2018-07-10,82.300003,83.410004,82.050003,83.290001,83.290001,639100
2018-07-11,82.559998,82.599998,80.199997,80.260002,80.260002,665100
2018-07-12,80.470001,82.059998,80.050003,81.980003,81.980003,1184700
2018-07-13,81.839996,82.580002,81.169998,81.370003,81.370003,626000
2018-07-16,81.720001,82.344002,81.209999,81.330002,81.330002,598500
2018-07-17,81.209999,82.750000,80.760002,82.720001,82.720001,742000
2018-07-18,82.800003,83.500000,82.129997,82.400002,82.400002,985300
2018-07-19,82.360001,84.209999,82.279999,83.760002,83.760002,1360000
2018-07-20,84.300003,85.239998,81.059998,81.199997,81.199997,1618800
2018-07-23,80.790001,82.680000,79.690002,82.540001,82.540001,1127700
2018-07-24,83.239998,83.730003,81.000000,81.220001,81.220001,858500
2018-07-25,81.019997,81.599998,79.599998,81.250000,81.250000,998100
2018-07-26,81.220001,82.455002,80.754997,82.199997,82.199997,843200
2018-07-27,82.540001,82.959999,80.875000,81.720001,81.720001,713700
2018-07-30,81.400002,81.695000,79.949997,80.830002,80.830002,1140100
2018-07-31,81.419998,82.339996,80.629997,81.760002,81.760002,768400
2018-08-01,82.660004,83.300003,81.370003,82.180000,82.180000,2660400
2018-08-02,79.000000,84.910004,79.000000,84.410004,84.410004,2535600
2018-08-03,84.699997,84.699997,83.510002,84.180000,84.180000,846800
2018-08-06,83.459999,85.370003,82.589996,85.199997,85.199997,942600
2018-08-07,85.209999,86.496002,84.771004,86.059998,86.059998,1310600
2018-08-08,85.669998,86.470001,85.379997,85.550003,85.550003,502300
2018-08-09,85.000000,86.040001,84.500000,85.510002,85.510002,684100
2018-08-10,84.690002,84.690002,82.680000,83.190002,83.190002,1277500
2018-08-13,83.000000,84.050003,82.699997,83.110001,83.110001,939900
2018-08-14,83.519997,83.959999,82.214996,82.790001,82.790001,1534700
2018-08-15,82.330002,82.417999,81.110001,81.949997,81.949997,1933900
2018-08-16,82.599998,82.599998,81.449997,82.160004,82.160004,1065400
2018-08-17,81.570000,81.980003,80.739998,81.500000,81.500000,1278200
2018-08-20,81.709999,81.860001,78.120003,78.180000,78.180000,1706600
2018-08-21,78.720001,81.294998,78.620003,81.099998,81.099998,2007100
2018-08-22,80.750000,81.205002,79.970001,80.620003,80.620003,787500
2018-08-23,80.260002,80.790001,78.970001,79.199997,79.199997,977500
2018-08-24,79.559998,79.989998,79.160004,79.629997,79.629997,702300
2018-08-27,79.800003,80.489998,79.410004,79.589996,79.589996,1141800
2018-08-28,79.910004,80.209000,79.010002,79.830002,79.830002,832400
2018-08-29,79.930000,80.489998,79.294998,80.290001,80.290001,768500
2018-08-30,80.040001,80.559998,79.209999,79.400002,79.400002,663400
2018-08-31,79.400002,80.485001,79.400002,80.089996,80.089996,954800
2018-09-04,79.879997,80.839996,79.519997,80.279999,80.279999,1247200
2018-09-05,80.419998,80.489998,79.370003,79.680000,79.680000,665700
2018-09-06,79.550003,79.930000,75.089996,75.129997,75.129997,1998500
2018-09-07,74.000000,76.485001,73.519997,74.949997,74.949997,2422300
2018-09-10,74.879997,74.900002,73.519997,73.980003,73.980003,708500
2018-09-11,73.519997,73.970001,72.309998,73.370003,73.370003,1306000
2018-09-12,72.879997,73.529999,71.537003,73.459999,73.459999,1273000
2018-09-13,74.550003,75.980003,73.669998,75.300003,75.300003,1632500
2018-09-14,75.750000,76.400002,75.290001,75.739998,75.739998,766500
2018-09-17,75.379997,75.989998,73.790001,73.970001,73.970001,1090800
2018-09-18,74.269997,75.529999,74.099998,75.040001,75.040001,997500
2018-09-19,75.110001,77.139999,75.110001,76.809998,76.809998,1060300
2018-09-20,77.550003,79.070000,77.269997,78.669998,78.669998,1422800
2018-09-21,78.980003,79.290001,78.120003,78.620003,78.620003,2267900
2018-09-24,78.019997,78.860001,76.820000,78.449997,78.449997,798600
2018-09-25,78.250000,78.250000,75.320000,76.250000,76.250000,1153200
2018-09-26,75.750000,76.199997,74.629997,75.059998,75.059998,914100
2018-09-27,75.120003,75.470001,74.599998,74.720001,74.720001,876600
2018-09-28,74.570000,76.955002,74.070000,76.889999,76.889999,1030500
2018-10-01,77.190002,78.309998,76.660004,77.099998,77.099998,1188200
2018-10-02,77.279999,78.690002,77.242996,77.290001,77.290001,915000
2018-10-03,77.370003,77.875000,75.059998,76.250000,76.250000,1212400
2018-10-04,76.099998,76.449997,75.330002,76.169998,76.169998,926800
2018-10-05,75.949997,76.279999,72.050003,72.690002,72.690002,1466400
2018-10-08,72.489998,73.320000,71.290001,72.980003,72.980003,865100
2018-10-09,73.000000,74.660004,72.669998,74.339996,74.339996,1108400
2018-10-10,73.449997,73.449997,70.139999,70.290001,70.290001,1899300
2018-10-11,70.160004,73.339996,70.059998,71.389999,71.389999,1628400
2018-10-12,72.699997,73.580002,71.550003,72.680000,72.680000,1118600
2018-10-15,72.010002,73.099998,71.809998,72.629997,72.629997,695400
2018-10-16,73.309998,75.550003,73.050003,75.449997,75.449997,1070200
2018-10-17,75.669998,76.139999,74.769997,75.419998,75.419998,590500
2018-10-18,75.019997,75.070000,73.150002,73.400002,73.400002,697300
2018-10-19,73.589996,74.339996,72.139999,72.349998,72.349998,938300
2018-10-22,72.669998,73.320000,71.809998,72.879997,72.879997,626500
2018-10-23,71.050003,72.760002,69.639999,72.300003,72.300003,779800
2018-10-24,71.480003,71.550003,68.000000,68.180000,68.180000,1413800
2018-10-25,69.080002,71.730003,69.080002,70.980003,70.980003,1283200
2018-10-26,69.250000,71.180000,69.160004,69.739998,69.739998,1380200
2018-10-29,70.879997,71.089996,68.300003,69.320000,69.320000,1511700
2018-10-30,69.410004,71.169998,68.930000,70.949997,70.949997,1699300
2018-10-31,71.510002,74.690002,70.644997,73.510002,73.510002,2470300
2018-11-01,75.040001,78.885002,74.330002,78.489998,78.489998,2720300
2018-11-02,77.400002,77.434998,73.699997,74.000000,74.000000,2260100
2018-11-05,72.199997,73.000000,66.790001,69.320000,69.320000,2554900
2018-11-06,69.599998,70.959999,69.300003,70.010002,70.010002,1182700
2018-11-07,70.519997,70.680000,68.720001,70.279999,70.279999,1266200
2018-11-08,69.900002,71.190002,69.360001,70.730003,70.730003,1246700
2018-11-09,68.870003,69.000000,66.199997,68.150002,68.150002,2442300
2018-11-12,64.849998,65.209999,62.389999,63.799999,63.799999,2912500
2018-11-13,63.889999,65.629997,61.000000,63.650002,63.650002,3719800
2018-11-14,64.300003,64.480003,61.730000,62.880001,62.880001,3144700
2018-11-15,62.910000,65.400002,62.740002,65.160004,65.160004,1578700
2018-11-16,64.410004,66.830002,64.226997,66.320000,66.320000,1582900
2018-11-19,65.500000,66.239998,63.060001,63.150002,63.150002,1901700
2018-11-20,61.340000,62.950001,61.299999,62.020000,62.020000,2354500
2018-11-21,63.270000,64.449997,62.650002,63.580002,63.580002,1792400
2018-11-23,63.259998,64.900002,63.259998,64.330002,64.330002,464400
2018-11-26,65.260002,66.050003,64.612999,65.470001,65.470001,1092900
2018-11-27,64.800003,65.750000,64.760002,64.830002,64.830002,768400
2018-11-28,65.320000,67.129997,64.620003,67.019997,67.019997,1146500
2018-11-29,66.559998,67.290001,65.199997,65.290001,65.290001,906000
2018-11-30,65.459999,66.300003,64.839996,65.809998,65.809998,1711200
2018-12-03,67.680000,68.529999,67.209999,67.750000,67.750000,1440100
2018-12-04,67.480003,67.589996,64.040001,64.160004,64.160004,1589600
2018-12-06,61.849998,62.740002,60.790001,62.720001,62.720001,2309800
2018-12-07,62.590000,63.380001,60.910000,61.130001,61.130001,1104700
2018-12-10,60.099998,60.790001,58.910000,59.520000,59.520000,1600000
2018-12-11,60.730000,61.689999,59.200001,59.580002,59.580002,1245200
2018-12-12,60.799999,62.150002,59.830002,60.639999,60.639999,1219700
2018-12-13,61.250000,61.759998,60.369999,60.770000,60.770000,1065000
2018-12-14,60.000000,61.540001,59.830002,60.520000,60.520000,1650700
2018-12-17,60.529999,62.310001,59.680000,60.340000,60.340000,1154400
2018-12-18,61.150002,62.959999,60.970001,61.700001,61.700001,1028100
2018-12-19,61.320000,62.299999,59.330002,59.639999,59.639999,1165200
2018-12-20,59.810001,60.820000,58.529999,59.799999,59.799999,1863700
2018-12-21,59.650002,61.029999,57.110001,57.680000,57.680000,2590500
2018-12-24,57.110001,59.240002,56.459999,56.470001,56.470001,643300
2018-12-26,57.200001,60.070000,56.330002,60.020000,60.020000,865800
2018-12-27,59.330002,60.419998,58.240002,60.389999,60.389999,991600
2018-12-28,60.980000,62.220001,59.959999,60.790001,60.790001,1108100
2018-12-31,61.340000,61.750000,59.840000,60.730000,60.730000,809100
2019-01-02,59.619999,62.000000,59.619999,61.180000,61.180000,725500
2019-01-03,57.950001,58.450001,54.735001,55.639999,55.639999,2864300
2019-01-04,56.480000,59.450001,56.310001,59.369999,59.369999,1976700
2019-01-07,59.380001,60.869999,58.840000,59.779999,59.779999,1093600
2019-01-08,60.029999,60.029999,58.900002,59.369999,59.369999,1505200
2019-01-09,59.869999,61.740002,59.490002,60.450001,60.450001,1986300
2019-01-10,61.009998,62.380001,60.119999,61.860001,61.860001,3203000
2019-01-11,61.700001,64.519997,61.480000,63.689999,63.689999,1506400
2019-01-14,62.799999,62.799999,61.049999,61.180000,61.180000,1259500
2019-01-15,61.380001,62.259998,61.160000,61.560001,61.560001,641800
2019-01-16,61.610001,62.470001,61.360001,61.410000,61.410000,735700
2019-01-17,60.889999,62.580002,60.000000,62.250000,62.250000,998800
2019-01-18,62.549999,63.570000,62.160000,63.279999,63.279999,888200
2019-01-22,62.490002,62.720001,61.270000,61.939999,61.939999,737900
2019-01-23,62.099998,62.330002,60.930000,61.910000,61.910000,796500
2019-01-24,62.270000,64.150002,62.270000,63.380001,63.380001,955800
2019-01-25,64.339996,66.300003,63.380001,65.760002,65.760002,1463900
2019-01-28,64.120003,65.739998,63.630001,65.089996,65.089996,921700
2019-01-29,65.099998,65.184998,63.369999,63.660000,63.660000,1217600
2019-01-30,64.559998,65.839996,64.080002,65.529999,65.529999,636200
2019-01-31,65.470001,65.769997,64.580002,65.360001,65.360001,992200
2019-02-01,65.470001,66.379997,65.355003,65.919998,65.919998,589400
2019-02-04,65.779999,66.419998,65.290001,65.959999,65.959999,891500
2019-02-05,66.019997,66.360001,65.510002,66.040001,66.040001,840600
2019-02-06,67.750000,70.684998,67.730003,68.629997,68.629997,2133600
2019-02-07,67.779999,68.279999,66.230003,66.529999,66.529999,1868400
2019-02-08,60.810001,65.084999,59.560001,64.510002,64.510002,3754400
2019-02-11,64.489998,65.449997,64.320000,64.500000,64.500000,1174900
2019-02-12,65.169998,65.735001,64.809998,65.180000,65.180000,1595400
2019-02-13,65.290001,65.510002,64.730003,64.900002,64.900002,1429300
2019-02-14,64.690002,65.370003,64.339996,64.669998,64.669998,1671200
2019-02-15,65.309998,65.580002,64.800003,65.160004,65.160004,1532900
2019-02-19,65.000000,65.529999,64.800003,64.870003,64.870003,1666200
2019-02-20,65.209999,66.160004,64.839996,65.860001,65.860001,1730000
2019-02-21,66.000000,66.790001,65.239998,66.059998,66.059998,1377400
2019-02-22,66.610001,68.160004,66.529999,67.800003,67.800003,1470100
2019-02-25,68.849998,69.910004,68.580002,68.699997,68.699997,1781500
2019-02-26,68.410004,69.570000,68.120003,69.139999,69.139999,1282300
2019-02-27,69.620003,69.620003,68.029999,69.349998,69.349998,1120100
2019-02-28,68.870003,70.339996,68.870003,70.139999,70.139999,1199900
2019-03-01,70.599998,71.230003,69.550003,70.500000,70.500000,1182400
2019-03-04,70.839996,71.239998,69.195000,70.050003,70.050003,930300
2019-03-05,70.260002,70.559998,69.320000,69.860001,69.860001,1010500
2019-03-06,69.849998,70.000000,69.019997,69.070000,69.070000,1067200
2019-03-07,68.739998,69.000000,67.790001,68.349998,68.349998,1107600
2019-03-08,67.360001,68.830002,66.940002,68.580002,68.580002,1012000
2019-03-11,68.870003,69.750000,68.870003,69.370003,69.370003,939400
2019-03-12,69.389999,69.514999,68.330002,69.239998,69.239998,690500
2019-03-13,69.750000,69.750000,67.629997,69.089996,69.089996,1141800
2019-03-14,69.220001,69.472000,68.599998,68.650002,68.650002,861700
2019-03-15,69.059998,70.290001,68.620003,69.660004,69.660004,1440300
2019-03-18,69.629997,70.300003,69.419998,69.830002,69.830002,905300
2019-03-19,70.360001,70.879997,69.949997,70.110001,70.110001,847100
2019-03-20,70.190002,70.370003,68.570000,69.120003,69.120003,1001500
2019-03-21,70.959999,74.620003,70.750000,73.889999,73.889999,2571400
2019-03-22,73.519997,73.989998,71.660004,71.669998,71.669998,1050200
2019-03-25,71.470001,71.876999,70.180000,70.870003,70.870003,699300
2019-03-26,71.430000,71.860001,70.790001,71.150002,71.150002,796400
2019-03-27,71.349998,71.650002,69.639999,70.570000,70.570000,823600
2019-03-28,70.580002,70.989998,69.510002,70.230003,70.230003,454300
2019-03-29,71.129997,71.824997,70.925003,71.730003,71.730003,940000
2019-04-01,72.620003,73.690002,72.620003,73.209999,73.209999,928300
2019-04-02,75.080002,75.510002,73.720001,74.070000,74.070000,1149100
2019-04-03,74.919998,75.540001,74.129997,74.410004,74.410004,1177900
2019-04-04,74.349998,74.410004,73.574997,74.040001,74.040001,1032600
2019-04-05,74.470001,74.930000,74.300003,74.889999,74.889999,623700
2019-04-08,74.510002,75.370003,74.309998,75.250000,75.250000,665500
2019-04-09,74.989998,75.779999,74.900002,75.220001,75.220001,819400
2019-04-10,74.900002,76.720001,74.830002,76.230003,76.230003,1309600
2019-04-11,76.419998,77.029999,75.900002,76.050003,76.050003,1352000
2019-04-12,76.750000,77.239998,75.930000,77.190002,77.190002,986900
2019-04-15,77.160004,77.260002,76.080002,76.389999,76.389999,672700
2019-04-16,76.779999,78.760002,76.779999,78.309998,78.309998,2131300
2019-04-17,78.809998,78.980003,76.455002,76.559998,76.559998,1329000
2019-04-18,76.639999,76.995003,76.139999,76.680000,76.680000,934500
2019-04-22,76.220001,76.860001,75.955002,76.010002,76.010002,1185400
2019-04-23,76.150002,76.910004,75.961998,76.599998,76.599998,1651000
2019-04-24,77.050003,78.510002,76.660004,77.250000,77.250000,1316200
2019-04-25,77.209999,77.813004,76.125000,77.300003,77.300003,1063200
2019-04-26,73.849998,75.160004,72.550003,74.989998,74.989998,2006300
2019-04-29,75.330002,75.599998,74.720001,75.449997,75.449997,1237000
2019-04-30,75.610001,76.248001,74.669998,75.610001,75.610001,1424400
2019-05-01,76.809998,77.669998,75.449997,75.580002,75.580002,1743400
2019-05-02,75.529999,77.239998,75.529999,76.750000,76.750000,1198400
2019-05-03,76.709999,76.750000,75.010002,75.180000,75.180000,1472700
2019-05-06,73.150002,74.739998,72.610001,74.330002,74.330002,1128500
2019-05-07,73.610001,74.459999,72.699997,73.680000,73.680000,2142800
2019-05-08,78.000000,78.669998,74.504997,76.180000,76.180000,4752600
2019-05-09,75.379997,75.379997,72.760002,75.150002,75.150002,2571300
2019-05-10,74.839996,75.250000,72.739998,75.070000,75.070000,1897200
2019-05-13,72.500000,73.010002,70.480003,71.050003,71.050003,1923400
2019-05-14,71.690002,73.339996,71.620003,72.860001,72.860001,1037300
2019-05-15,72.000000,73.970001,71.629997,73.349998,73.349998,989200
2019-05-16,69.650002,70.000000,68.050003,68.110001,68.110001,3384200
2019-05-17,66.260002,66.622002,63.400002,63.930000,63.930000,3317300
2019-05-20,61.549999,62.880001,60.700001,61.270000,61.270000,3119300
2019-05-21,64.980003,67.952003,61.474998,61.540001,61.540001,4127100
2019-05-22,60.869999,61.180000,59.470001,60.200001,60.200001,2531700
2019-05-23,59.279999,60.770000,58.520000,60.660000,60.660000,2774500
2019-05-24,61.250000,62.310001,61.182999,62.299999,62.299999,3575700
2019-05-28,62.599998,62.919998,60.700001,60.750000,60.750000,1842500
2019-05-29,60.169998,62.580002,60.150002,62.080002,62.080002,1566000
2019-05-30,62.180000,63.730000,61.410000,61.869999,61.869999,1261100
2019-05-31,61.000000,62.201000,60.950001,61.180000,61.180000,1284500
2019-06-03,61.650002,62.750000,60.770000,61.880001,61.880001,1619100
2019-06-04,62.880001,64.300003,62.779999,64.180000,64.180000,1643400
2019-06-05,64.650002,65.000000,62.570000,63.439999,63.439999,1207400
2019-06-06,62.220001,63.840000,62.060001,63.450001,63.450001,1022100
2019-06-07,63.680000,64.629997,63.599998,64.379997,64.379997,1053600
2019-06-10,65.029999,65.760002,64.949997,65.500000,65.500000,1886400
2019-06-11,65.879997,66.000000,63.990002,64.309998,64.309998,1891400
2019-06-12,63.799999,64.230003,62.650002,62.779999,62.779999,1317700
2019-06-13,63.000000,63.825001,62.820000,63.310001,63.310001,776800
2019-06-14,60.930000,61.820000,60.369999,61.500000,61.500000,1273300
2019-06-17,61.709999,62.349998,60.770000,61.660000,61.660000,741200
2019-06-18,62.430000,65.370003,62.049999,65.089996,65.089996,1380700
2019-06-19,65.599998,66.059998,64.750000,65.589996,65.589996,923200
2019-06-20,66.820000,66.820000,64.750000,64.839996,64.839996,1472100
2019-06-21,64.529999,64.589996,63.560001,63.889999,63.889999,2202800
2019-06-24,64.180000,65.419998,63.540001,64.550003,64.550003,1198100
2019-06-25,64.410004,64.989998,63.400002,63.459999,63.459999,923400
2019-06-26,64.610001,66.290001,64.610001,65.639999,65.639999,1142100
2019-06-27,66.389999,67.849998,66.360001,67.059998,67.059998,1260900
2019-06-28,67.580002,67.959999,66.500000,66.610001,66.610001,1240200
2019-07-01,71.930000,72.709999,69.449997,70.580002,70.580002,3079200
2019-07-02,70.370003,70.500000,69.330002,69.620003,69.620003,1168000
2019-07-03,69.900002,69.910004,68.360001,68.989998,68.989998,888200
2019-07-05,68.550003,69.169998,68.279999,68.970001,68.970001,626500
2019-07-08,68.540001,69.150002,68.089996,68.959999,68.959999,786100
2019-07-09,68.489998,69.889999,68.470001,69.629997,69.629997,812300
2019-07-10,70.099998,70.500000,69.254997,69.339996,69.339996,942900
2019-07-11,69.639999,69.720001,68.739998,69.339996,69.339996,612100
2019-07-12,69.559998,70.379997,69.519997,70.260002,70.260002,839500
2019-07-15,70.559998,71.279999,70.099998,70.690002,70.690002,1367900
2019-07-16,70.650002,70.720001,69.300003,70.550003,70.550003,1502100
2019-07-17,70.870003,71.000000,69.830002,70.519997,70.519997,1042700
2019-07-18,71.000000,71.529999,70.150002,71.239998,71.239998,1389100
2019-07-19,71.099998,71.750000,70.790001,71.290001,71.290001,1030500
2019-07-22,71.760002,73.230003,71.599998,72.800003,72.800003,972300
2019-07-23,73.190002,73.900002,72.870003,73.889999,73.889999,738100
2019-07-24,74.230003,75.800003,74.000000,75.330002,75.330002,1360100
2019-07-25,75.000000,75.135002,74.070000,74.730003,74.730003,877100
2019-07-26,75.199997,75.199997,74.239998,74.919998,74.919998,859500
2019-07-29,75.139999,75.260002,74.114998,74.680000,74.680000,911700
2019-07-30,74.169998,75.550003,73.050003,75.489998,75.489998,844000
2019-07-31,75.839996,75.839996,73.099998,73.290001,73.290001,1722800
2019-08-01,73.000000,75.470001,70.639999,71.339996,71.339996,2818900
2019-08-02,70.919998,72.000000,68.220001,70.889999,70.889999,2646400
2019-08-05,69.320000,69.360001,67.730003,68.150002,68.150002,1722700
2019-08-06,68.930000,70.290001,68.639999,70.139999,70.139999,1599000
2019-08-07,69.019997,71.099998,68.573997,70.769997,70.769997,1354600
2019-08-08,71.000000,72.120003,70.110001,72.059998,72.059998,1542800
2019-08-09,71.330002,71.330002,69.250000,69.489998,69.489998,1458900
2019-08-12,68.959999,70.169998,68.855003,69.389999,69.389999,1004300
2019-08-13,69.419998,72.360001,69.019997,71.699997,71.699997,1127400
2019-08-14,69.970001,70.669998,69.160004,69.779999,69.779999,1042500
2019-08-15,69.930000,71.320000,69.800003,70.110001,70.110001,1089500
2019-08-16,70.589996,72.150002,70.230003,71.610001,71.610001,1135700
2019-08-19,72.650002,73.125000,71.720001,72.019997,72.019997,1359900
2019-08-20,72.410004,73.669998,71.809998,73.059998,73.059998,995700
2019-08-21,73.830002,75.180000,73.830002,74.690002,74.690002,1077300
2019-08-22,74.849998,75.660004,73.449997,73.489998,73.489998,1356600
2019-08-23,72.849998,72.919998,70.120003,70.339996,70.339996,1933300
2019-08-26,71.480003,72.029999,70.470001,70.800003,70.800003,868000
2019-08-27,71.400002,71.790001,69.720001,70.209999,70.209999,1030400
2019-08-28,69.879997,70.000000,68.699997,69.570000,69.570000,1707200
2019-08-29,70.760002,72.279999,70.760002,71.510002,71.510002,1367900
2019-08-30,71.910004,71.949997,70.199997,71.430000,71.430000,1306100
2019-09-03,70.620003,70.940002,68.940002,70.279999,70.279999,1043200
2019-09-04,71.400002,72.389999,71.150002,72.370003,72.370003,688600
2019-09-05,73.589996,75.400002,73.570000,75.169998,75.169998,1110600
2019-09-06,75.169998,75.980003,74.775002,75.449997,75.449997,856200
2019-09-09,75.980003,76.349998,75.529999,76.000000,76.000000,1122100
2019-09-10,75.830002,76.889999,75.180000,76.800003,76.800003,1398600
2019-09-11,77.000000,77.470001,76.080002,76.269997,76.269997,1429200
2019-09-12,77.059998,77.820000,75.889999,77.800003,77.800003,1212400
2019-09-13,77.410004,78.684998,77.135002,77.510002,77.510002,1006400
2019-09-16,76.690002,77.739998,75.849998,77.220001,77.220001,842600
2019-09-17,77.480003,77.620003,76.199997,76.349998,76.349998,1321300
2019-09-18,76.540001,76.970001,75.430000,76.699997,76.699997,1207000
2019-09-19,76.500000,76.790001,75.110001,75.190002,75.190002,870000
2019-09-20,75.790001,76.660004,75.400002,75.980003,75.980003,2006900
2019-09-23,76.150002,77.970001,75.919998,77.360001,77.360001,968600
2019-09-24,78.000000,78.000000,76.190002,76.720001,76.720001,912200
2019-09-25,75.599998,76.989998,75.599998,76.930000,76.930000,786900
2019-09-26,75.470001,76.260002,74.680000,75.099998,75.099998,990000
2019-09-27,74.870003,75.214996,72.989998,73.230003,73.230003,1039000
2019-09-30,73.809998,74.370003,73.110001,74.139999,74.139999,735500
2019-10-01,74.320000,75.544998,73.070000,73.169998,73.169998,825700
2019-10-02,72.680000,73.000000,70.860001,71.370003,71.370003,784900
2019-10-03,71.389999,72.989998,70.699997,72.830002,72.830002,1010000
2019-10-04,73.989998,75.190002,73.830002,74.879997,74.879997,998300
2019-10-07,74.500000,74.860001,73.959999,73.959999,73.959999,1239500
2019-10-08,73.379997,73.709999,71.959999,72.459999,72.459999,1231200
2019-10-09,73.099998,73.760002,72.529999,73.290001,73.290001,639100
2019-10-10,75.500000,77.129997,75.120003,76.800003,76.800003,1870200
2019-10-11,77.500000,78.400002,77.099998,77.360001,77.360001,1659600
2019-10-14,77.169998,77.550003,76.709999,77.339996,77.339996,568700
2019-10-15,77.699997,79.879997,77.559998,79.839996,79.839996,1307300
2019-10-16,79.589996,79.980003,78.869003,79.070000,79.070000,986700
2019-10-17,80.080002,80.699997,78.809998,78.959999,78.959999,1225500
2019-10-18,78.760002,78.809998,76.974998,77.589996,77.589996,835500
2019-10-21,78.290001,79.070000,78.160004,78.750000,78.750000,892300
2019-10-22,79.089996,79.529999,78.300003,78.330002,78.330002,741900
2019-10-23,77.650002,79.300003,77.190002,78.680000,78.680000,758800
2019-10-24,79.800003,79.800003,78.459999,79.410004,79.410004,675600
2019-10-25,79.449997,79.650002,78.800003,79.019997,79.019997,729500
2019-10-28,79.589996,80.510002,79.400002,80.320000,80.320000,813400
2019-10-29,80.190002,80.900002,79.610001,79.849998,79.849998,703500
2019-10-30,80.300003,80.440002,79.410004,79.849998,79.849998,1293200
2019-10-31,79.970001,81.300003,78.790001,80.860001,80.860001,2917200
2019-11-01,91.879997,97.339996,91.309998,97.220001,97.220001,8885300
2019-11-04,98.320000,101.929001,97.059998,101.510002,101.510002,4365900
2019-11-05,100.150002,101.849998,100.001999,101.300003,101.300003,3134100
2019-11-06,100.760002,102.309998,100.220001,101.400002,101.400002,3153300
2019-11-07,102.000000,102.879997,100.879997,101.309998,101.309998,2482500
2019-11-08,102.000000,104.220001,101.750000,104.040001,104.040001,2867000
2019-11-11,103.419998,104.000000,101.930000,102.290001,102.290001,2181500
2019-11-12,102.500000,102.720001,101.830002,102.580002,102.580002,1938600
2019-11-13,100.639999,104.089996,99.459999,103.889999,103.889999,2141400
2019-11-14,103.559998,104.190002,102.889999,103.699997,103.699997,1080200
2019-11-15,104.400002,104.879997,103.230003,103.750000,103.750000,941500
2019-11-18,103.620003,104.144997,102.580002,103.250000,103.250000,1241100
2019-11-19,103.629997,103.888000,102.339996,102.839996,102.839996,1198800
2019-11-20,102.699997,103.940002,101.730003,101.889999,101.889999,1329600
2019-11-21,102.010002,102.320000,100.720001,100.900002,100.900002,1311800
2019-11-22,101.339996,102.230003,101.040001,101.720001,101.720001,1137900
2019-11-25,101.860001,104.669998,101.860001,104.309998,104.309998,948700
2019-11-26,104.169998,104.559998,103.449997,104.110001,104.110001,1313600
2019-11-27,104.400002,106.375000,104.000000,105.029999,105.029999,1235400
2019-11-29,104.180000,105.849998,104.000000,104.209999,104.209999,710500
2019-12-02,104.059998,104.500000,102.535004,102.970001,102.970001,1435000
2019-12-03,101.190002,102.300003,100.320000,102.139999,102.139999,1872200
2019-12-04,102.860001,104.320000,102.779999,104.029999,104.029999,1377300
2019-12-05,104.470001,106.000000,104.250000,105.800003,105.800003,1118200
2019-12-06,106.550003,107.570000,106.434998,106.620003,106.620003,1489700
2019-12-09,109.849998,111.345001,108.400002,108.440002,108.440002,2193200
2019-12-10,109.070000,110.510002,108.279999,109.860001,109.860001,1572800
2019-12-11,111.190002,114.529999,110.989998,113.839996,113.839996,2613300
2019-12-12,112.790001,115.650002,112.540001,115.349998,115.349998,2155500
2019-12-13,115.300003,115.959999,113.099998,113.410004,113.410004,1790000
2019-12-16,114.760002,116.809998,114.760002,115.000000,115.000000,2076900
2019-12-17,115.639999,115.949997,114.290001,114.349998,114.349998,2004900
2019-12-18,114.470001,115.809998,113.830002,115.290001,115.290001,1947500
2019-12-19,115.269997,118.180000,114.440002,117.279999,117.279999,1923300
2019-12-20,118.300003,118.355003,116.269997,116.669998,116.669998,2608400
2019-12-23,117.089996,117.760002,116.440002,116.940002,116.940002,968200
2019-12-24,117.239998,118.040001,116.419998,117.959999,117.959999,488500
2019-12-26,117.889999,117.949997,116.940002,117.599998,117.599998,530500
2019-12-27,118.099998,118.489998,116.529999,116.839996,116.839996,724900
2019-12-30,116.820000,116.889999,115.670998,116.209999,116.209999,682000
2019-12-31,115.669998,116.709999,115.250000,116.230003,116.230003,745800
2020-01-02,117.260002,117.400002,114.760002,115.959999,115.959999,1870600
2020-01-03,114.059998,115.239998,112.059998,112.339996,112.339996,2695100
2020-01-06,110.830002,112.980003,109.400002,111.639999,111.639999,3186200
2020-01-07,111.279999,112.750000,110.730003,111.230003,111.230003,1673100
2020-01-08,111.540001,113.769997,111.419998,112.919998,112.919998,1735300
2020-01-09,113.930000,114.000000,110.790001,111.959999,111.959999,1676200
2020-01-10,113.500000,115.849998,113.000000,113.419998,113.419998,2412400
2020-01-13,113.860001,117.499001,113.860001,115.739998,115.739998,1879400
2020-01-14,115.830002,116.570000,114.120003,115.910004,115.910004,1518000
2020-01-15,115.360001,115.410004,112.059998,112.500000,112.500000,1637400
2020-01-16,113.419998,114.199997,112.820000,113.800003,113.800003,1443500
2020-01-17,114.589996,115.570000,113.589996,114.739998,114.739998,1376300
2020-01-21,113.970001,115.750000,113.919998,114.870003,114.870003,1001500
2020-01-22,115.709999,118.230003,115.550003,116.330002,116.330002,1281700
2020-01-23,116.470001,118.779999,115.650002,118.680000,118.680000,2014400
2020-01-24,115.879997,117.394997,112.279999,113.389999,113.389999,2412000
2020-01-27,111.099998,111.680000,108.529999,109.980003,109.980003,1739400
2020-01-28,110.919998,114.070000,110.235001,113.559998,113.559998,1704500
2020-01-29,114.029999,114.699997,111.430000,112.570000,112.570000,2187300
2020-01-30,121.610001,122.364998,109.370003,111.790001,111.790001,5783200
2020-01-31,110.779999,111.080002,105.120003,105.860001,105.860001,3557600
2020-02-03,106.160004,108.419998,105.930000,107.559998,107.559998,1939800
2020-02-04,110.050003,110.500000,107.610001,107.889999,107.889999,1961100
2020-02-05,109.599998,111.349998,108.720001,111.320000,111.320000,1773900
2020-02-06,111.400002,111.769997,109.269997,109.769997,109.769997,1802800
2020-02-07,108.260002,108.510002,104.860001,105.150002,105.150002,2422400
2020-02-10,103.750000,105.360001,102.879997,105.349998,105.349998,1867800
2020-02-11,106.449997,110.050003,106.449997,108.589996,108.589996,1625300
2020-02-12,110.000000,112.269997,109.224998,111.730003,111.730003,1584300
2020-02-13,110.150002,111.360001,108.620003,109.169998,109.169998,1649300
2020-02-14,109.959999,110.360001,105.235001,106.019997,106.019997,1660900
2020-02-18,103.690002,104.860001,102.510002,103.230003,103.230003,2146500
2020-02-19,103.720001,106.379997,103.599998,104.239998,104.239998,1718000
2020-02-20,103.930000,104.000000,99.519997,101.559998,101.559998,2961500
2020-02-21,100.800003,101.199997,97.750000,98.190002,98.190002,1834200
2020-02-24,93.570000,97.480003,93.309998,96.339996,96.339996,2598800
2020-02-25,96.930000,97.769997,95.440002,96.599998,96.599998,2817200
2020-02-26,96.830002,98.540001,95.809998,96.129997,96.129997,1667000
2020-02-27,93.239998,97.199997,93.099998,94.800003,94.800003,3170600
2020-02-28,91.809998,100.889999,91.180000,100.580002,100.580002,4200200
2020-03-02,101.089996,101.779999,96.360001,100.440002,100.440002,2626200
2020-03-03,103.000000,104.930000,97.260002,98.300003,98.300003,3038300
2020-03-04,100.199997,102.779999,99.919998,102.379997,102.379997,2502400
2020-03-05,99.959999,100.750000,96.570000,97.300003,97.300003,2131700
2020-03-06,94.519997,95.919998,92.330002,94.360001,94.360001,1800500
2020-03-09,87.690002,91.930000,87.040001,89.949997,89.949997,2194100
2020-03-10,92.470001,96.129997,90.430000,96.000000,96.000000,2774000
2020-03-11,93.949997,95.879997,88.660004,89.269997,89.269997,2605000
2020-03-12,83.120003,85.769997,76.769997,76.820000,76.820000,3090300
2020-03-13,82.400002,85.660004,77.370003,83.800003,83.800003,2306200
2020-03-16,72.900002,78.190002,70.699997,70.699997,70.699997,2589000
2020-03-17,72.379997,80.779999,70.830002,79.879997,79.879997,2899400
2020-03-18,73.470001,78.110001,70.290001,73.019997,73.019997,2306800
2020-03-19,72.260002,75.589996,70.000000,73.849998,73.849998,1762700
2020-03-20,75.370003,78.529999,70.650002,70.849998,70.849998,1744900
2020-03-23,71.239998,72.930000,67.540001,69.360001,69.360001,1658000
2020-03-24,73.410004,79.010002,71.339996,78.790001,78.790001,2202300
2020-03-25,79.029999,82.364998,75.919998,77.739998,77.739998,1673700
2020-03-26,79.389999,83.800003,76.889999,83.489998,83.489998,1408100
2020-03-27,80.459999,83.940002,78.815002,80.690002,80.690002,1650100
2020-03-30,81.290001,82.650002,79.610001,81.480003,81.480003,1267200
2020-03-31,81.500000,85.056999,80.129997,80.629997,80.629997,2335900
2020-04-01,77.839996,79.199997,73.633003,74.580002,74.580002,1693300
2020-04-02,73.980003,76.970001,73.330002,76.660004,76.660004,1822000
2020-04-03,76.279999,76.639999,72.930000,73.440002,73.440002,1530600
2020-04-06,77.050003,82.970001,75.410004,82.610001,82.610001,3415600
2020-04-07,86.040001,86.269997,81.480003,81.849998,81.849998,1750700
2020-04-08,82.589996,88.089996,81.570000,87.019997,87.019997,1911900
2020-04-09,88.260002,88.559998,82.019997,83.110001,83.110001,2357000
2020-04-13,82.879997,85.260002,81.669998,84.730003,84.730003,1333700
2020-04-14,87.019997,90.099998,85.550003,89.830002,89.830002,2415200
2020-04-15,87.480003,87.629997,83.910004,84.559998,84.559998,1761400
2020-04-16,85.739998,87.250000,84.639999,86.820000,86.820000,1634200
2020-04-17,89.150002,89.459999,84.970001,86.269997,86.269997,1334400
2020-04-20,85.000000,86.139999,84.040001,84.769997,84.769997,1683900
2020-04-21,84.660004,84.660004,80.800003,81.180000,81.180000,1747400
2020-04-22,84.000000,86.940002,82.320000,86.580002,86.580002,1565500
2020-04-23,86.580002,87.519997,85.525002,85.949997,85.949997,957000
2020-04-24,86.610001,89.970001,85.629997,89.889999,89.889999,1303200
2020-04-27,90.930000,92.345001,90.254997,91.279999,91.279999,1691300
2020-04-28,92.690002,95.442001,92.342003,93.139999,93.139999,1807500
2020-04-29,96.279999,99.660004,95.056999,99.389999,99.389999,1473900
2020-04-30,98.180000,99.500000,96.639999,98.029999,98.029999,2463000
2020-05-01,95.480003,96.660004,92.724998,93.150002,93.150002,2200100
2020-05-04,93.000000,94.400002,91.750000,94.139999,94.139999,1414100
2020-05-05,96.269997,99.489998,96.239998,97.709999,97.709999,1886700
2020-05-06,99.191002,101.605003,97.510002,98.300003,98.300003,2158700
2020-05-07,101.139999,103.258003,99.269997,100.820000,100.820000,2844700
2020-05-08,107.919998,108.779999,101.032997,103.000000,103.000000,2888600
2020-05-11,101.739998,104.199997,100.570000,101.900002,101.900002,1950600
2020-05-12,102.750000,105.379997,100.650002,100.669998,100.669998,1707600
2020-05-13,100.949997,101.120003,95.839996,97.330002,97.330002,1972900
2020-05-14,95.839996,98.860001,93.624001,98.809998,98.809998,1241000
2020-05-15,94.029999,96.449997,93.309998,94.709999,94.709999,1676600
2020-05-18,97.708000,99.555000,96.739998,99.040001,99.040001,1428200
2020-05-19,98.739998,101.080002,98.220001,98.330002,98.330002,1238700
2020-05-20,100.099998,103.400002,99.769997,103.330002,103.330002,1720900
2020-05-21,103.120003,104.470001,98.800003,98.970001,98.970001,1607300
2020-05-22,99.750000,101.589996,98.070000,101.540001,101.540001,1122500
2020-05-26,104.529999,104.889999,102.919998,103.209999,103.209999,1428400
2020-05-27,103.830002,105.849998,101.269997,105.680000,105.680000,1401300
2020-05-28,104.849998,105.394997,100.110001,100.769997,100.769997,1333800
2020-05-29,101.500000,105.339996,101.150002,104.739998,104.739998,1774900
2020-06-01,104.739998,106.139999,103.793999,104.580002,104.580002,898500
2020-06-02,106.000000,109.809998,104.686996,109.680000,109.680000,2131300
2020-06-03,110.750000,115.199997,110.699997,112.989998,112.989998,2416000
2020-06-04,112.820000,114.275002,112.269997,113.400002,113.400002,1525300
2020-06-05,116.449997,118.160004,114.930000,115.669998,115.669998,1709900
2020-06-08,116.080002,118.940002,115.230003,117.559998,117.559998,1381600
2020-06-09,115.860001,116.430000,113.730003,115.529999,115.529999,1126400
2020-06-10,116.980003,117.169998,114.059998,114.870003,114.870003,1131000
2020-06-11,110.709999,112.410004,106.940002,107.389999,107.389999,1753800
2020-06-12,110.800003,111.690002,106.629997,108.900002,108.900002,1094100
2020-06-15,106.559998,110.195000,105.610001,109.720001,109.720001,1245100
2020-06-16,114.769997,116.209999,111.099998,112.580002,112.580002,1726600
2020-06-17,113.750000,114.540001,112.389999,112.639999,112.639999,1074900
2020-06-18,112.500000,113.029999,110.620003,111.250000,111.250000,1017400
2020-06-19,113.000000,113.879997,110.559998,111.800003,111.800003,1963600
2020-06-22,111.709999,112.808998,109.904999,112.250000,112.250000,965800
2020-06-23,113.500000,113.820000,111.839996,111.919998,111.919998,940700
2020-06-24,110.349998,112.084999,107.500000,108.519997,108.519997,1089900
2020-06-25,108.629997,109.129997,106.519997,108.970001,108.970001,799100
2020-06-26,109.040001,109.379997,106.690002,107.370003,107.370003,1181100
2020-06-29,107.239998,107.699997,104.570000,107.430000,107.430000,1215300
2020-06-30,107.919998,111.029999,107.180000,110.529999,110.529999,1213800
2020-07-01,110.389999,110.690002,108.059998,108.260002,108.260002,790800
2020-07-02,109.150002,111.550003,109.150002,110.300003,110.300003,897500
2020-07-06,113.239998,114.300003,112.849998,113.629997,113.629997,1159900
2020-07-07,113.800003,115.489998,112.830002,113.019997,113.019997,723600
2020-07-08,113.889999,114.209999,111.300003,113.029999,113.029999,883800
2020-07-09,113.000000,113.589996,110.470001,113.110001,113.110001,1213600
2020-07-10,113.269997,113.580002,111.110001,112.010002,112.010002,603500
2020-07-13,113.119003,116.370003,110.680000,110.889999,110.889999,1459800
2020-07-14,110.449997,112.870003,107.690002,112.620003,112.620003,932000
2020-07-15,113.300003,113.550003,111.050003,112.839996,112.839996,716100
2020-07-16,111.930000,112.500000,110.279999,111.680000,111.680000,1096800
2020-07-17,112.760002,114.570000,112.330002,113.980003,113.980003,1015900
2020-07-20,114.309998,116.849998,113.084999,116.389999,116.389999,932600
2020-07-21,117.559998,118.379997,115.810997,116.739998,116.739998,1100800
2020-07-22,117.199997,118.610001,116.128998,118.430000,118.430000,1126700
2020-07-23,118.860001,121.540001,117.690002,118.150002,118.150002,2047700
2020-07-24,117.330002,117.489998,111.309998,111.919998,111.919998,2527900
2020-07-27,113.910004,115.870003,113.000000,115.150002,115.150002,1494900
2020-07-28,113.639999,114.879997,112.650002,113.389999,113.389999,992900
2020-07-29,114.550003,116.010002,113.720001,115.279999,115.279999,2677800
2020-07-30,121.110001,129.919998,121.110001,128.669998,128.669998,5256800
2020-07-31,130.000000,130.860001,124.889999,128.149994,128.149994,2096300
2020-08-03,129.020004,134.399994,129.020004,133.324997,133.324997,2254000
2020-08-04,132.440002,132.990005,129.309998,131.250000,131.250000,1303600
2020-08-05,131.300003,133.630005,130.500000,133.619995,133.619995,1252400
2020-08-06,133.029999,136.057999,133.029999,135.229996,135.229996,1235100
2020-08-07,135.399994,135.750000,128.389999,130.970001,130.970001,1238300
2020-08-10,130.589996,131.160004,127.180000,129.470001,129.470001,1176600
2020-08-11,129.460007,130.539993,127.160004,127.620003,127.620003,1190300
2020-08-12,128.889999,131.830002,128.210007,131.429993,131.429993,953600
2020-08-13,132.029999,133.059998,130.145004,132.000000,132.000000,999400
2020-08-14,133.000000,133.240005,131.509995,131.679993,131.679993,716900
2020-08-17,131.399994,135.300003,131.309998,133.809998,133.809998,1781600
2020-08-18,134.589996,135.145004,131.169998,132.610001,132.610001,996400
2020-08-19,132.320007,134.410004,132.130005,132.460007,132.460007,791700
2020-08-20,130.630005,132.343994,130.509995,130.720001,130.720001,833900
2020-08-21,131.000000,131.050003,129.449997,130.669998,130.669998,948100
2020-08-24,132.149994,132.779999,130.809998,131.940002,131.940002,736100
2020-08-25,132.589996,133.130005,130.440002,131.970001,131.970001,1007300
2020-08-26,131.899994,132.740005,131.080002,131.509995,131.509995,709700
2020-08-27,131.470001,131.679993,126.370003,127.139999,127.139999,1389700
2020-08-28,127.989998,129.520004,127.171997,129.300003,129.300003,689400
2020-08-31,128.639999,129.389999,127.410004,128.270004,128.270004,875400
2020-09-01,129.070007,131.789993,128.274994,131.479996,131.479996,891100
2020-09-02,132.669998,135.889999,131.250000,134.669998,134.669998,1251800
2020-09-03,131.809998,132.279999,120.980003,121.440002,121.440002,2367900
2020-09-04,120.500000,122.639999,114.610001,118.889999,118.889999,2304300
2020-09-08,114.209999,117.669998,112.029999,114.110001,114.110001,1709900
2020-09-09,123.959999,125.779999,121.144997,122.709999,122.709999,3374400
2020-09-10,124.050003,126.459999,120.500000,121.459999,121.459999,1842600
2020-09-11,123.589996,124.410004,120.730003,122.959999,122.959999,1114200
2020-09-14,125.239998,125.745003,122.059998,122.839996,122.839996,1098100
2020-09-15,125.769997,130.554993,125.110001,129.990005,129.990005,1751400
2020-09-16,131.000000,131.809998,128.735001,128.830002,128.830002,1125100
2020-09-17,125.199997,131.190002,125.160004,130.300003,130.300003,1291300
2020-09-18,130.809998,131.240005,126.279999,128.020004,128.020004,1609300
2020-09-21,126.690002,128.619995,124.370003,127.550003,127.550003,1544800
2020-09-22,128.830002,131.410004,125.580002,131.210007,131.210007,1149200
2020-09-23,130.259003,130.899994,125.400002,125.769997,125.769997,964900
2020-09-24,125.260002,128.389999,124.360001,124.989998,124.989998,1044900
2020-09-25,124.930000,126.330002,123.080002,125.629997,125.629997,993800
2020-09-28,128.039993,128.720001,126.580002,128.429993,128.429993,1156000
2020-09-29,128.240005,132.619995,128.139999,130.770004,130.770004,1109200
2020-09-30,130.529999,131.270004,128.020004,129.009995,129.009995,1349600
2020-10-01,132.085007,135.210007,131.367004,135.089996,135.089996,1627400
2020-10-02,131.500000,133.479996,130.509995,130.570007,130.570007,868000
2020-10-05,132.369995,135.380005,132.350006,135.300003,135.300003,1012500
2020-10-06,135.410004,135.630005,130.488007,131.080002,131.080002,1484100
2020-10-07,133.850006,135.130005,133.505005,134.639999,134.639999,1168600
2020-10-08,136.100006,137.339996,134.300003,135.410004,135.410004,1149900
2020-10-09,137.979996,140.690002,136.139999,137.869995,137.869995,1296600
2020-10-12,139.399994,139.994995,136.768997,137.759995,137.759995,966100
2020-10-13,138.000000,138.850006,134.259995,135.169998,135.169998,1095100
2020-10-14,134.979996,136.339996,133.970001,135.149994,135.149994,965600
2020-10-15,132.410004,136.240005,131.110001,135.960007,135.960007,944500
2020-10-16,136.949997,136.990005,134.559998,134.759995,134.759995,627600
2020-10-19,136.500000,138.669998,134.000000,134.539993,134.539993,1019300
2020-10-20,135.619995,136.350006,134.360001,135.649994,135.649994,742700
2020-10-21,135.800003,137.649994,135.199997,135.259995,135.259995,799600
2020-10-22,135.419998,136.399994,132.759995,135.000000,135.000000,599800
2020-10-23,135.130005,136.250000,134.199997,135.699997,135.699997,729900
2020-10-26,135.490005,138.179993,132.779999,134.449997,134.449997,1115600
2020-10-27,134.119995,134.720001,131.179993,131.279999,131.279999,527200
2020-10-28,129.199997,129.274994,124.559998,124.959999,124.959999,1041900
2020-10-29,125.389999,130.869995,125.019997,129.710007,129.710007,846800
2020-10-30,127.160004,128.429993,125.500000,127.360001,127.360001,882600
2020-11-02,129.889999,130.500000,126.519997,127.940002,127.940002,814200
2020-11-03,129.449997,130.770004,127.989998,128.460007,128.460007,1323600
2020-11-04,130.639999,134.270004,128.630005,133.740005,133.740005,1793500
2020-11-05,139.000000,152.369995,138.000000,146.690002,146.690002,2966200
2020-11-06,147.320007,148.000000,143.020004,147.270004,147.270004,1413300
2020-11-09,154.429993,154.429993,147.619995,149.479996,149.479996,1809300
2020-11-10,146.399994,148.320007,140.679993,140.929993,140.929993,1703300
2020-11-11,143.580002,148.763000,143.000000,148.250000,148.250000,1188700
2020-11-12,148.600006,149.929993,145.429993,146.669998,146.669998,746400
2020-11-13,147.679993,150.589996,146.660004,147.630005,147.630005,657200
2020-11-16,147.839996,150.899994,147.764999,150.380005,150.380005,786700
2020-11-17,150.289993,151.210007,147.380005,148.440002,148.440002,769800
2020-11-18,147.330002,149.330002,144.279999,144.369995,144.369995,1020600
2020-11-19,143.639999,147.050003,141.800003,146.860001,146.860001,956700
2020-11-20,147.889999,150.000000,146.410995,147.389999,147.389999,957600
2020-11-23,149.529999,149.750000,145.410004,149.199997,149.199997,1254600
2020-11-24,150.460007,152.600006,146.875000,151.750000,151.750000,1155300
2020-11-25,150.699997,151.630005,146.380005,148.240005,148.240005,1415700
2020-11-27,150.220001,151.059998,148.860001,150.110001,150.110001,756300
2020-11-30,152.149994,157.000000,151.520004,156.679993,156.679993,2227100
2020-12-01,158.800003,161.380005,156.779999,159.779999,159.779999,1514700
2020-12-02,159.589996,161.130005,158.139008,159.550003,159.550003,689900
2020-12-03,160.669998,162.000000,158.850006,159.130005,159.130005,707800
2020-12-04,160.000000,165.529999,159.539993,165.350006,165.350006,1322400
2020-12-07,166.470001,167.199997,163.860001,166.940002,166.940002,829000
2020-12-08,168.869995,170.901001,167.313004,169.960007,169.960007,1093700
2020-12-09,167.699997,168.975006,159.520004,160.380005,160.380005,1551600
2020-12-10,159.460007,160.330002,157.520004,158.330002,158.330002,1259700
2020-12-11,156.770004,156.839005,151.440002,152.639999,152.639999,2165400
2020-12-14,153.490005,155.384995,152.350006,154.509995,154.509995,1278100
2020-12-15,159.449997,162.500000,158.020004,158.479996,158.479996,1240100
2020-12-16,157.880005,159.490005,155.789993,159.000000,159.000000,937500
2020-12-17,160.389999,160.809998,157.410004,159.600006,159.600006,1593700
2020-12-18,159.770004,163.585007,158.029999,162.660004,162.660004,2216000
2020-12-21,159.835007,161.830002,158.000000,161.110001,161.110001,1607500
2020-12-22,163.000000,164.779999,162.095001,163.259995,163.259995,1093400
2020-12-23,166.169998,169.106003,165.029999,165.100006,165.100006,1572000
2020-12-24,166.039993,167.529999,165.130005,167.110001,167.110001,462300
2020-12-28,170.029999,170.500000,166.009995,166.440002,166.440002,958100
2020-12-29,166.979996,167.429993,162.587006,163.770004,163.770004,936100
2020-12-30,164.550003,167.429993,164.550003,167.369995,167.369995,670100
2020-12-31,168.869995,168.869995,165.619995,166.270004,166.270004,834200
2021-01-04,167.300003,170.529999,162.113998,164.589996,164.589996,1249700
2021-01-05,164.399994,169.389999,163.100006,169.250000,169.250000,1150100
2021-01-06,166.770004,174.270004,166.110001,172.000000,172.000000,1273200
2021-01-07,174.699997,179.169998,174.649994,178.570007,178.570007,1064500
2021-01-08,180.779999,182.000000,177.479996,179.399994,179.399994,791600
2021-01-11,178.419998,184.470001,177.759995,182.759995,182.759995,1029300
2021-01-12,183.839996,186.139999,181.649994,182.320007,182.320007,817400
2021-01-13,182.110001,182.690002,178.199997,180.070007,180.070007,887700
2021-01-14,180.919998,185.429993,180.544998,183.940002,183.940002,844400
2021-01-15,184.330002,184.350006,176.339996,177.289993,177.289993,1457600
2021-01-19,179.559998,186.149994,179.559998,185.669998,185.669998,884000
2021-01-20,188.479996,191.824997,185.639999,186.029999,186.029999,738400
2021-01-21,188.419998,188.860001,181.880005,184.119995,184.119995,1019000
2021-01-22,182.770004,184.139999,180.220001,180.660004,180.660004,787500
2021-01-25,183.289993,184.050003,179.050003,180.919998,180.919998,841200
2021-01-26,180.330002,181.350006,174.779999,174.940002,174.940002,1021500
2021-01-27,172.000000,172.000000,163.020004,165.639999,165.639999,1584000
2021-01-28,168.399994,172.330002,166.899994,169.800003,169.800003,1563200
2021-01-29,182.020004,182.429993,170.740005,170.880005,170.880005,2833100
2021-02-01,174.360001,184.080002,174.229996,183.300003,183.300003,2154100
2021-02-02,185.199997,186.240005,176.067993,179.330002,179.330002,2093600
2021-02-03,182.050003,182.550003,174.339996,175.949997,175.949997,3003200
2021-02-04,166.000000,170.669998,163.250000,167.690002,167.690002,5452100
2021-02-05,168.500000,168.500000,165.559998,167.139999,167.139999,2090900
2021-02-08,169.160004,171.229996,167.250000,170.759995,170.759995,1654900
2021-02-09,169.899994,172.197998,168.410004,168.850006,168.850006,1422300
2021-02-10,169.440002,170.500000,164.884003,168.169998,168.169998,2084200
2021-02-11,169.899994,174.690002,168.809998,174.649994,174.649994,1669300
2021-02-12,173.100006,176.210007,171.380005,176.000000,176.000000,1422900
2021-02-16,178.190002,180.740005,176.630005,177.029999,177.029999,1403300
2021-02-17,175.850006,176.479996,170.940002,174.610001,174.610001,1110800
2021-02-18,172.360001,173.660004,170.429993,171.130005,171.130005,1102200
2021-02-19,174.479996,180.229996,173.574997,179.389999,179.389999,1783100
2021-02-22,176.705002,179.800003,171.360001,172.279999,172.279999,1387200
2021-02-23,169.000000,173.500000,164.270004,172.220001,172.220001,1853700
2021-02-24,170.339996,179.309998,170.110001,179.149994,179.149994,1121200
2021-02-25,175.815002,177.350006,167.690002,168.949997,168.949997,1742100
2021-02-26,170.929993,176.389999,168.500000,174.729996,174.729996,1419500
2021-03-01,177.960007,182.479996,174.960007,182.309998,182.309998,1413900
2021-03-02,182.350006,182.750000,177.330002,177.449997,177.449997,1387400
2021-03-03,176.619995,178.729996,171.490005,171.660004,171.660004,1114200
2021-03-04,171.419998,173.259995,161.559998,165.339996,165.339996,1825700
2021-03-05,168.429993,171.850006,160.059998,171.419998,171.419998,1612100
2021-03-08,171.199997,172.807007,162.610001,162.899994,162.899994,1278600
2021-03-09,166.229996,172.649994,165.533997,170.899994,170.899994,1597400
2021-03-10,170.850006,172.639999,165.210007,165.369995,165.369995,1394900
2021-03-11,173.440002,177.160004,172.259995,174.949997,174.949997,1633500
2021-03-12,171.500000,173.100006,169.130005,172.589996,172.589996,802700
2021-03-15,173.470001,178.389999,171.500000,178.289993,178.289993,1038400
2021-03-16,180.990005,185.860001,178.559998,180.539993,180.539993,1354200
2021-03-17,177.419998,185.699997,176.500000,184.539993,184.539993,1100900
2021-03-18,180.500000,182.119995,175.940002,176.080002,176.080002,1040400
2021-03-19,176.479996,180.399994,173.649994,179.850006,179.850006,1449900
2021-03-22,182.580002,185.289993,179.850006,183.279999,183.279999,897500
2021-03-23,183.699997,184.345001,175.089996,176.369995,176.369995,1023500
2021-03-24,179.522995,179.522995,171.630005,171.789993,171.789993,889500
2021-03-25,169.869995,173.160004,166.750000,172.259995,172.259995,796600
2021-03-26,171.589996,182.710007,170.690002,182.500000,182.500000,1008800
2021-03-29,180.750000,181.220001,176.770004,178.889999,178.889999,738300
2021-03-30,177.630005,178.945007,175.770004,177.630005,177.630005,761400
2021-03-31,179.880005,185.500000,179.360001,182.699997,182.699997,1109200
2021-04-01,185.490997,194.279999,185.490997,192.899994,192.899994,1991100
2021-04-05,198.240005,199.940002,194.470001,198.320007,198.320007,1361900
2021-04-06,197.320007,198.410004,192.509995,194.979996,194.979996,1155900
2021-04-07,194.509995,195.830002,192.630005,193.690002,193.690002,854300
2021-04-08,196.220001,197.020004,192.610001,193.520004,193.520004,1101200
2021-04-09,192.300003,192.300003,188.300003,191.860001,191.860001,934600
2021-04-12,191.509995,192.759995,189.078995,192.559998,192.559998,571500
2021-04-13,194.399994,195.190002,189.207993,192.419998,192.419998,821000
2021-04-14,190.789993,194.690002,189.059998,189.850006,189.850006,802500
2021-04-15,192.399994,193.589996,190.570007,192.839996,192.839996,724700
2021-04-16,192.979996,195.789993,191.710007,192.270004,192.270004,1255200
2021-04-19,190.619995,193.160004,186.470001,188.440002,188.440002,673300
2021-04-20,187.039993,188.550003,183.139999,183.949997,183.949997,839000
2021-04-21,183.199997,189.300003,180.729996,189.210007,189.210007,1166100
2021-04-22,190.813995,191.699997,185.860001,187.050003,187.050003,896100
2021-04-23,189.399994,195.199997,189.059998,193.919998,193.919998,872800
2021-04-26,194.440002,199.880005,193.500000,198.970001,198.970001,760000
2021-04-27,200.360001,201.500000,197.059998,198.380005,198.380005,617300
2021-04-28,197.738007,198.770004,195.309998,197.050003,197.050003,697000
2021-04-29,200.759995,201.679993,195.009995,199.539993,199.539993,866500
2021-04-30,194.000000,194.285004,187.320007,188.169998,188.169998,1355800
2021-05-03,190.061996,190.061996,183.039993,184.539993,184.539993,1166800
2021-05-04,182.970001,183.720001,177.285004,182.410004,182.410004,1374500
2021-05-05,183.279999,186.899994,180.115005,182.559998,182.559998,1527000
2021-05-06,183.500000,188.320007,180.190002,184.690002,184.690002,1923400
2021-05-07,186.470001,186.690002,181.910004,184.179993,184.179993,1620200
2021-05-10,179.740005,180.389999,166.729996,171.470001,171.470001,4378800
2021-05-11,164.694000,172.179993,164.100006,172.009995,172.009995,2331800
2021-05-12,168.929993,170.899994,164.619995,165.350006,165.350006,1547800
2021-05-13,167.298004,170.294998,165.149994,166.850006,166.850006,1286500
2021-05-14,169.149994,172.889999,167.279999,171.009995,171.009995,1298800
2021-05-17,168.779999,171.419998,167.449997,171.080002,171.080002,1253700
2021-05-18,172.750000,173.279999,170.000000,170.070007,170.070007,737600
2021-05-19,165.750000,174.429993,165.190002,174.149994,174.149994,1001900
2021-05-20,174.639999,178.748001,174.570007,177.720001,177.720001,1030400
2021-05-21,178.929993,179.869995,175.389999,176.559998,176.559998,1050400
2021-05-24,176.940002,180.350006,176.559998,178.630005,178.630005,826300
2021-05-25,180.740005,182.850006,179.460007,180.619995,180.619995,1038800
2021-05-26,180.190002,182.970001,177.740005,179.470001,179.470001,1133800
2021-05-27,178.160004,185.350006,176.559998,185.139999,185.139999,2070900
2021-05-28,185.279999,185.500000,182.350006,182.720001,182.720001,965200
2021-06-01,185.449997,187.380005,181.690002,182.979996,182.979996,825500
2021-06-02,182.919998,185.580002,182.119995,185.309998,185.309998,757600
2021-06-03,182.089996,183.649994,180.580002,180.970001,180.970001,1159400
2021-06-04,182.669998,186.313995,182.419998,184.759995,184.759995,1061100
2021-06-07,183.250000,184.210007,182.339996,183.860001,183.860001,798800
2021-06-08,185.550003,187.059998,182.000000,184.270004,184.270004,957400
2021-06-09,184.720001,185.179993,181.490005,181.550003,181.550003,737400
2021-06-10,182.389999,184.080002,180.800003,182.910004,182.910004,589500
2021-06-11,183.250000,183.750000,182.250000,183.309998,183.309998,525300
2021-06-14,183.910004,185.850006,182.320007,184.940002,184.940002,636600
2021-06-15,184.000000,186.259995,181.580002,181.910004,181.910004,651900
2021-06-16,182.320007,184.089996,180.014999,181.710007,181.710007,997800
2021-06-17,181.119995,183.500000,178.960007,181.330002,181.330002,784800
2021-06-18,179.449997,180.164993,173.160004,174.190002,174.190002,2088700
2021-06-21,174.429993,178.979996,174.210007,176.240005,176.240005,781500
2021-06-22,175.800003,178.125000,174.960007,176.259995,176.259995,929000
2021-06-23,177.000000,179.410004,176.630005,177.880005,177.880005,669800
2021-06-24,179.580002,184.369995,179.580002,182.889999,182.889999,896100
2021-06-25,184.470001,186.589996,182.809998,183.350006,183.350006,1055900
2021-06-28,184.750000,189.309998,184.190002,187.330002,187.330002,862200
2021-06-29,188.960007,198.949997,187.921997,195.660004,195.660004,2063000
2021-06-30,195.580002,195.996002,193.330002,195.649994,195.649994,902100
2021-07-01,196.389999,196.389999,192.289993,193.179993,193.179993,887100
2021-07-02,195.000000,197.320007,193.339996,195.669998,195.669998,724100
2021-07-06,195.809998,197.065994,192.440002,194.300003,194.300003,911200
2021-07-07,196.000000,196.000000,188.785004,192.000000,192.000000,848900
2021-07-08,187.029999,191.449997,185.330002,189.440002,189.440002,838000
2021-07-09,190.000000,193.339996,187.850006,192.940002,192.940002,814400
2021-07-12,193.229996,194.195999,191.690002,193.619995,193.619995,870900
2021-07-13,193.524994,193.649994,190.729996,192.789993,192.789993,678600
2021-07-14,197.139999,199.559998,192.179993,192.419998,192.419998,895900
2021-07-15,193.210007,193.464996,189.169998,190.949997,190.949997,598100
2021-07-16,191.259995,193.139999,187.500000,187.679993,187.679993,952400
2021-07-19,185.000000,187.220001,182.500000,187.130005,187.130005,734000
2021-07-20,187.070007,191.089996,185.630005,189.699997,189.699997,631000
2021-07-21,190.000000,194.115005,190.000000,194.070007,194.070007,742000
2021-07-22,193.229996,193.350006,190.151001,191.410004,191.410004,619400
2021-07-23,192.429993,193.619995,190.410004,193.089996,193.089996,354600
2021-07-26,192.779999,193.729996,190.919998,192.000000,192.000000,628400
2021-07-27,191.330002,191.330002,183.195007,187.149994,187.149994,966900
2021-07-28,188.179993,191.294998,187.270004,190.339996,190.339996,683300
2021-07-29,190.919998,195.199997,190.500000,194.039993,194.039993,714800
2021-07-30,189.509995,191.050003,186.740005,189.589996,189.589996,1184900
2021-08-02,191.300003,195.309998,191.009995,192.360001,192.360001,964700
2021-08-03,193.000000,195.320007,189.313004,195.179993,195.179993,680800
2021-08-04,195.440002,197.240005,193.330002,193.880005,193.880005,1320600
2021-08-05,197.500000,201.460007,193.360001,194.759995,194.759995,1465400
2021-08-06,194.449997,198.000000,194.029999,195.020004,195.020004,701800
2021-08-09,194.330002,194.949997,191.044998,193.619995,193.619995,663700
2021-08-10,193.600006,194.429993,190.330002,190.809998,190.809998,661800
2021-08-11,191.199997,192.000000,187.300003,189.729996,189.729996,866000
2021-08-12,189.619995,189.619995,186.330002,188.130005,188.130005,654900
2021-08-13,188.000000,188.729996,186.710007,188.360001,188.360001,490700
2021-08-16,186.720001,188.250000,185.619995,187.570007,187.570007,550600
2021-08-17,185.759995,186.119995,181.639999,183.460007,183.460007,806100
2021-08-18,181.800003,183.399994,179.539993,179.820007,179.820007,696100
2021-08-19,178.300003,181.970001,177.600006,180.130005,180.130005,954100
2021-08-20,180.389999,182.690002,180.104996,181.559998,181.559998,607000
2021-08-23,182.970001,184.710007,180.809998,184.229996,184.229996,775700
2021-08-24,185.970001,186.115005,183.500000,184.800003,184.800003,654900
2021-08-25,185.250000,187.070007,184.699997,185.619995,185.619995,520300
2021-08-26,185.619995,186.850006,184.500000,185.869995,185.869995,503500
2021-08-27,186.279999,191.410004,185.929993,190.729996,190.729996,736100
2021-08-30,191.720001,192.919998,190.009995,190.830002,190.830002,638700
2021-08-31,190.000000,190.199997,187.250000,188.029999,188.029999,842800
2021-09-01,190.059998,190.059998,185.949997,186.059998,186.059998,758800
2021-09-02,186.720001,187.690002,185.139999,185.899994,185.899994,696600
2021-09-03,185.899994,188.029999,185.279999,185.360001,185.360001,947700
2021-09-07,185.160004,185.794998,181.589996,182.679993,182.679993,942900
2021-09-08,182.050003,182.050003,176.289993,178.759995,178.759995,1246900
2021-09-09,178.770004,181.089996,178.365005,178.960007,178.960007,660400
2021-09-10,180.300003,182.059998,179.080002,179.300003,179.300003,983900
2021-09-13,179.880005,182.419998,178.770004,182.369995,182.369995,950200
2021-09-14,183.470001,183.550003,179.729996,182.130005,182.130005,751300
2021-09-15,182.259995,182.369995,179.339996,179.910004,179.910004,881500
2021-09-16,178.630005,181.330002,177.570007,180.309998,180.309998,696600
2021-09-17,178.070007,178.800003,172.520004,175.300003,175.300003,1891000
2021-09-20,171.419998,171.800003,167.889999,170.080002,170.080002,1370500
2021-09-21,171.029999,172.570007,168.600006,171.169998,171.169998,1000700
2021-09-22,172.410004,174.000000,171.960007,173.330002,173.330002,823100
2021-09-23,174.210007,175.889999,173.630005,174.119995,174.119995,676000
2021-09-24,173.139999,176.369995,172.649994,174.050003,174.050003,637600
2021-09-27,172.919998,176.919998,172.054993,175.679993,175.679993,964000
2021-09-28,173.279999,176.000000,171.279999,171.419998,171.419998,1216800
2021-09-29,172.000000,173.440002,169.809998,169.910004,169.910004,949000
2021-09-30,170.550003,172.250000,167.059998,167.190002,167.190002,1059300
2021-10-01,168.539993,170.320007,165.259995,169.259995,169.259995,1519400
2021-10-04,168.509995,168.970001,163.255005,163.990005,163.990005,1264600
2021-10-05,165.110001,167.220001,163.830002,166.059998,166.059998,1004600
2021-10-06,164.520004,166.248993,163.320007,164.839996,164.839996,946900
2021-10-07,166.699997,169.490005,164.759995,165.330002,165.330002,1438800
2021-10-08,166.570007,166.990005,165.149994,165.830002,165.830002,643600
2021-10-11,165.149994,167.029999,163.600006,163.679993,163.679993,500000
2021-10-12,165.199997,165.429993,159.630005,160.259995,160.259995,1075100
2021-10-13,159.369995,160.929993,158.740005,160.050003,160.050003,1360900
2021-10-14,162.500000,164.839996,162.160004,164.610001,164.610001,905100
2021-10-15,166.100006,167.490005,165.399994,165.869995,165.869995,574900
2021-10-18,164.669998,165.617004,163.539993,165.300003,165.300003,730000
2021-10-19,165.830002,169.800003,165.710007,168.759995,168.759995,999100
2021-10-20,166.050003,170.139999,165.910004,169.509995,169.509995,1051700
2021-10-21,169.300003,170.309998,168.399994,170.259995,170.259995,521600
2021-10-22,169.559998,171.550003,167.979996,168.009995,168.009995,818800
2021-10-25,169.009995,169.250000,166.914993,167.320007,167.320007,645200
2021-10-26,168.669998,169.589996,165.100006,165.279999,165.279999,887900
2021-10-27,165.029999,167.529999,164.699997,165.270004,165.270004,731200
2021-10-28,166.399994,168.990005,166.240005,168.929993,168.929993,718400
2021-10-29,167.119995,170.350006,166.350006,168.229996,168.229996,997800
2021-11-01,168.490005,172.169998,167.464996,172.070007,172.070007,1134200
2021-11-02,172.000000,173.309998,170.360001,172.089996,172.089996,1096600
2021-11-03,172.000000,178.500000,170.414993,178.119995,178.119995,1844400
2021-11-04,159.746994,159.899994,152.250000,154.460007,154.460007,6324500
2021-11-05,154.009995,156.389999,153.009995,156.070007,156.070007,3033700
2021-11-08,156.750000,161.940002,156.725006,159.300003,159.300003,2175300
2021-11-09,161.429993,161.429993,156.130005,157.639999,157.639999,1501700
2021-11-10,156.600006,158.009995,153.350006,154.279999,154.279999,1301200
2021-11-11,155.979996,158.440002,154.259995,157.679993,157.679993,1135000
2021-11-12,158.289993,161.759995,157.679993,160.500000,160.500000,1267400
2021-11-15,160.850006,161.160004,158.240005,158.910004,158.910004,1254100
2021-11-16,158.759995,160.070007,156.300003,159.309998,159.309998,1156600
2021-11-17,158.949997,160.289993,157.100998,157.940002,157.940002,1453200
2021-11-18,159.130005,159.289993,155.000000,156.339996,156.339996,1320900
2021-11-19,156.039993,158.179993,154.610001,155.190002,155.190002,1075800
2021-11-22,155.979996,156.580002,151.139999,151.250000,151.250000,1178000
2021-11-23,150.830002,152.720001,147.748993,152.589996,152.589996,1508000
2021-11-24,151.270004,152.699997,147.449997,152.619995,152.619995,1212200
2021-11-26,149.649994,151.770004,146.770004,148.110001,148.110001,811800
2021-11-29,149.139999,151.210007,146.910004,150.839996,150.839996,1134500
2021-11-30,149.770004,150.600006,145.389999,146.229996,146.229996,2415400
2021-12-01,148.500000,151.944000,145.960007,146.100006,146.100006,1447700
2021-12-02,143.619995,150.360001,142.169998,149.179993,149.179993,1634400
2021-12-03,150.270004,152.070007,147.815002,149.910004,149.910004,1564500
2021-12-06,150.649994,153.798004,147.800003,152.729996,152.729996,1558700
2021-12-07,154.160004,163.949997,154.160004,161.509995,161.509995,2157000
2021-12-08,160.570007,162.570007,158.000000,161.369995,161.369995,1442600
2021-12-09,160.610001,161.639999,158.850006,159.559998,159.559998,1012000
2021-12-10,161.460007,163.789001,156.434998,159.229996,159.229996,1442600
2021-12-13,159.389999,160.630005,154.570007,154.990005,154.990005,1361500
2021-12-14,153.660004,155.460007,152.199997,152.470001,152.470001,1253500
2021-12-15,152.300003,153.100006,145.490005,152.880005,152.880005,2050100
2021-12-16,153.600006,153.779999,143.884995,147.699997,147.699997,2292700
2021-12-17,146.110001,148.860001,144.690002,147.679993,147.679993,2705700
2021-12-20,146.000000,146.660004,144.149994,146.160004,146.160004,864400
2021-12-21,148.500000,150.550003,147.925003,150.490005,150.490005,1128500
2021-12-22,150.559998,152.429993,149.850006,151.410004,151.410004,563800
2021-12-23,152.000000,153.505005,151.110001,152.070007,152.070007,662400
2021-12-27,152.839996,155.500000,151.699997,155.419998,155.419998,1015600
2021-12-28,155.509995,157.414993,153.630005,156.440002,156.440002,1065900
2021-12-29,156.199997,157.889999,155.899994,156.910004,156.910004,643800
2021-12-30,157.089996,158.949997,155.738007,156.059998,156.059998,624300
2021-12-31,156.029999,157.509995,155.309998,156.389999,156.389999,821300
2022-01-03,156.869995,160.059998,156.500000,159.429993,159.429993,1099700
2022-01-04,160.369995,163.119995,156.789993,160.449997,160.449997,1165100
2022-01-05,159.889999,161.839996,157.130005,157.240005,157.240005,1419000
2022-01-06,158.419998,161.279999,157.429993,158.360001,158.360001,990300
2022-01-07,158.960007,159.630005,154.500000,154.690002,154.690002,927800
2022-01-10,153.770004,154.100006,148.449997,151.559998,151.559998,1364600
2022-01-11,149.889999,152.522003,147.000000,151.720001,151.720001,1556600
2022-01-12,153.250000,154.610001,151.149994,152.839996,152.839996,759000
2022-01-13,151.949997,153.750000,146.360001,146.750000,146.750000,1886800
2022-01-14,145.429993,148.860001,145.139999,148.729996,148.729996,1093800
2022-01-18,146.000000,148.770004,143.800003,146.990005,146.990005,1373300
2022-01-19,148.000000,148.399994,141.660004,141.690002,141.690002,1148500
2022-01-20,142.649994,143.429993,137.070007,137.149994,137.149994,1262700
2022-01-21,136.880005,139.860001,134.080002,134.309998,134.309998,1389400
2022-01-24,130.559998,137.729996,129.470001,137.649994,137.649994,1790800
2022-01-25,132.949997,136.649994,132.550003,133.449997,133.449997,1858200
2022-01-26,136.179993,139.979996,131.544998,133.639999,133.639999,1401500
2022-01-27,134.699997,135.050003,126.949997,127.720001,127.720001,1375900
2022-01-28,128.479996,129.500000,123.919998,129.460007,129.460007,1414200
2022-01-31,129.759995,137.389999,129.009995,137.279999,137.279999,1527200
2022-02-01,137.830002,139.179993,135.309998,138.990005,138.990005,1551900
2022-02-02,139.589996,144.309998,137.490005,143.550003,143.550003,2812300
2022-02-03,133.669998,139.699997,128.470001,128.720001,128.720001,3537400
2022-02-04,127.500000,132.119995,125.625000,131.449997,131.449997,2030800
2022-02-07,131.860001,133.199997,128.199997,128.500000,128.500000,2036400
2022-02-08,128.500000,132.250000,128.130005,131.559998,131.559998,1249700
2022-02-09,133.270004,138.070007,131.679993,136.720001,136.720001,1556200
2022-02-10,133.520004,138.979996,132.625000,133.740005,133.740005,1878700
2022-02-11,133.970001,134.755005,126.349998,127.239998,127.239998,2203700
2022-02-14,127.650002,131.789993,127.190002,129.309998,129.309998,1318300
2022-02-15,131.779999,135.580002,131.600006,135.080002,135.080002,1560800
2022-02-16,133.860001,137.240005,132.509995,136.800003,136.800003,1195700
2022-02-17,134.619995,136.460007,133.029999,133.039993,133.039993,1144100
2022-02-18,133.039993,134.850006,131.529999,133.199997,133.199997,1364000
2022-02-22,132.509995,134.750000,128.330002,130.979996,130.979996,1515600
2022-02-23,132.860001,135.619995,130.050003,130.149994,130.149994,1391900
2022-02-24,125.349998,137.000000,125.000000,136.899994,136.899994,2006200
2022-02-25,136.380005,138.850006,135.130005,137.759995,137.759995,1166000
2022-02-28,136.089996,139.350006,134.201004,136.779999,136.779999,1498800
2022-03-01,136.669998,137.449997,131.399994,132.610001,132.610001,1065700
2022-03-02,133.149994,138.335007,133.050003,137.119995,137.119995,1106600
2022-03-03,134.990005,136.910004,131.339996,131.750000,131.750000,1442300
2022-03-04,130.570007,131.899994,127.239998,129.630005,129.630005,1039500
2022-03-07,130.050003,130.880005,123.500000,123.680000,123.680000,1458800
2022-03-08,124.050003,133.509995,122.879997,129.139999,129.139999,1920600
2022-03-09,132.429993,133.070007,128.750000,129.360001,129.360001,1105500
2022-03-10,127.070000,128.429993,123.339996,125.500000,125.500000,1030300
2022-03-11,127.690002,128.449997,123.519997,123.629997,123.629997,946800
2022-03-14,123.470001,123.699997,117.029999,118.610001,118.610001,1747600
2022-03-15,118.959999,122.029999,117.660004,121.459999,121.459999,1444200
2022-03-16,123.529999,127.349998,121.800003,127.169998,127.169998,1167500
2022-03-17,125.830002,128.880005,124.790001,128.809998,128.809998,789700
2022-03-18,127.510002,130.919998,126.690002,130.869995,130.869995,1714800
2022-03-21,130.649994,131.410004,126.779999,128.929993,128.929993,1110400
2022-03-22,128.199997,131.399994,128.059998,130.029999,130.029999,1193100
2022-03-23,128.449997,129.399994,125.519997,125.660004,125.660004,967700
2022-03-24,127.349998,131.000000,126.300003,130.699997,130.699997,1148100
2022-03-25,131.360001,131.860001,128.987000,130.880005,130.880005,942500
2022-03-28,126.370003,129.000000,124.400002,128.860001,128.860001,1640900
2022-03-29,131.000000,132.729996,128.699997,131.889999,131.889999,1074700
2022-03-30,130.520004,132.009995,126.949997,127.430000,127.430000,1198200
2022-03-31,127.529999,128.369995,124.050003,124.099998,124.099998,1092300
2022-04-01,123.870003,125.040001,118.489998,121.510002,121.510002,1644100
2022-04-04,122.529999,125.379997,122.010002,123.489998,123.489998,970200
2022-04-05,121.730003,122.260002,116.660004,117.940002,117.940002,1695500
2022-04-06,115.680000,117.055000,114.150002,115.080002,115.080002,1295700
2022-04-07,114.620003,116.900002,111.739998,114.309998,114.309998,1239100
2022-04-08,113.980003,116.080002,112.559998,114.430000,114.430000,1113900
2022-04-11,113.400002,118.639999,113.199997,114.879997,114.879997,1827000
2022-04-12,117.589996,118.940002,113.769997,114.099998,114.099998,1079100
2022-04-13,114.180000,117.220001,113.849998,116.110001,116.110001,1052300
2022-04-14,116.779999,116.779999,113.330002,113.379997,113.379997,841100
2022-04-18,112.120003,115.879997,112.120003,115.559998,115.559998,916800
2022-04-19,115.430000,117.660004,115.160004,117.339996,117.339996,740100
2022-04-20,118.730003,119.466003,115.629997,115.769997,115.769997,628100
2022-04-21,117.889999,119.300003,113.050003,113.589996,113.589996,1092300
2022-04-22,112.809998,114.570000,111.459999,111.690002,111.690002,1018900
2022-04-25,110.989998,114.669998,109.839996,114.610001,114.610001,900600
2022-04-26,112.820000,113.099998,109.239998,109.339996,109.339996,1195700
2022-04-27,108.580002,112.720001,108.309998,110.269997,110.269997,755200
2022-04-28,112.930000,118.220001,111.334999,117.080002,117.080002,1496200
2022-04-29,115.769997,118.455002,113.660004,113.779999,113.779999,1376400
2022-05-02,114.430000,119.605003,114.050003,119.559998,119.559998,1281700
2022-05-03,118.629997,121.269997,117.949997,120.070000,120.070000,1305700
2022-05-04,119.339996,119.820000,113.000000,119.339996,119.339996,2847000
2022-05-05,113.250000,113.930000,106.910004,108.839996,108.839996,3025700
2022-05-06,107.400002,109.080002,104.371002,107.120003,107.120003,1666400
2022-05-09,105.169998,107.835999,102.440002,102.760002,102.760002,1984900
2022-05-10,106.110001,106.980003,102.239998,105.250000,105.250000,1435800
2022-05-11,104.250000,106.824997,100.660004,100.879997,100.879997,1499600
2022-05-12,99.830002,102.570000,98.230003,101.160004,101.160004,1535500
2022-05-13,102.919998,106.040001,102.500000,104.809998,104.809998,1333800
2022-05-16,104.449997,104.660004,102.180000,102.519997,102.519997,1411200
2022-05-17,104.330002,108.650002,104.330002,108.120003,108.120003,1542900
2022-05-18,106.699997,108.642998,104.400002,104.639999,104.639999,1676900
2022-05-19,104.010002,108.150002,103.654999,104.830002,104.830002,1398000
2022-05-20,107.330002,108.809998,104.059998,108.610001,108.610001,2229000
2022-05-23,107.930000,109.930000,105.269997,105.930000,105.930000,1727100
2022-05-24,104.419998,104.790001,101.019997,102.160004,102.160004,1488600
2022-05-25,101.500000,105.059998,101.220001,104.379997,104.379997,1381900
2022-05-26,103.739998,109.017998,103.339996,108.480003,108.480003,1531100
2022-05-27,109.879997,112.309998,109.660004,112.190002,112.190002,1187000
2022-05-31,111.919998,112.870003,109.620003,111.750000,111.750000,2020900
2022-06-01,112.120003,113.169998,107.588997,109.589996,109.589996,1605900
2022-06-02,109.180000,113.360001,108.730003,113.360001,113.360001,1175000
2022-06-03,111.160004,111.160004,108.639999,109.059998,109.059998,1117000
2022-06-06,111.440002,112.504997,109.260002,109.830002,109.830002,1109600
2022-06-07,108.860001,112.214996,108.199997,111.540001,111.540001,1036500
2022-06-08,111.279999,111.870003,108.510002,109.379997,109.379997,1106700
2022-06-09,108.120003,109.405998,104.970001,105.129997,105.129997,963300
2022-06-10,102.930000,104.129997,100.849998,101.250000,101.250000,1350200
2022-06-13,98.129997,99.849998,93.690002,94.010002,94.010002,1800900
2022-06-14,94.889999,97.040001,94.114998,96.660004,96.660004,1894800
2022-06-15,97.379997,100.540001,96.690002,98.519997,98.519997,1410900
2022-06-16,95.260002,95.379997,91.910004,93.120003,93.120003,2412600
2022-06-17,94.760002,96.474998,93.309998,95.129997,95.129997,2194600
2022-06-21,96.610001,98.099998,95.720001,96.260002,96.260002,1775200
2022-06-22,94.900002,96.620003,94.550003,95.250000,95.250000,857300
2022-06-23,96.059998,96.059998,93.099998,94.980003,94.980003,1144800
2022-06-24,96.690002,98.839996,96.129997,97.870003,97.870003,1305600
2022-06-27,99.290001,102.044998,98.300003,99.800003,99.800003,1728600
2022-06-28,100.019997,101.860001,98.110001,98.550003,98.550003,1337500
2022-06-29,94.580002,97.110001,94.110001,95.809998,95.809998,1474900
2022-06-30,94.669998,96.489998,92.870003,94.320000,94.320000,1512700
2022-07-01,93.250000,94.059998,90.175003,92.470001,92.470001,1251800
2022-07-05,91.089996,96.309998,90.160004,96.239998,96.239998,1676400
2022-07-06,96.930000,99.150002,96.230003,97.940002,97.940002,1170200
2022-07-07,99.849998,101.394997,99.720001,100.489998,100.489998,1297600
2022-07-08,99.690002,100.839996,98.379997,99.410004,99.410004,842200
2022-07-11,96.250000,98.860001,95.349998,96.750000,96.750000,1400300
2022-07-12,97.489998,99.650002,97.160004,97.949997,97.949997,868300
2022-07-13,95.610001,98.404999,95.489998,97.459999,97.459999,1242400
2022-07-14,97.389999,98.644997,94.919998,98.389999,98.389999,1515200
2022-07-15,99.279999,100.220001,97.710999,100.180000,100.180000,1301500
2022-07-18,101.370003,101.489998,97.470001,97.900002,97.900002,1192700
2022-07-19,99.510002,102.660004,98.900002,102.419998,102.419998,1200200
2022-07-20,102.180000,105.760002,101.445000,105.570000,105.570000,1539200
2022-07-21,105.889999,107.209999,104.830002,107.010002,107.010002,1002700
2022-07-22,106.410004,106.550003,102.839996,104.339996,104.339996,955500
2022-07-25,103.940002,104.150002,102.300003,103.830002,103.830002,648000
2022-07-26,101.510002,102.540001,99.699997,99.790001,99.790001,1269800
2022-07-27,101.870003,104.699997,101.339996,104.099998,104.099998,1430600
2022-07-28,104.169998,104.300003,100.800003,103.839996,103.839996,1435900
2022-07-29,104.269997,104.470001,102.500000,104.070000,104.070000,1357600
2022-08-01,102.839996,104.940002,101.580002,102.839996,102.839996,1516300
2022-08-02,102.320000,104.070000,101.550003,102.970001,102.970001,927800
2022-08-03,103.690002,107.339996,103.263000,106.870003,106.870003,1836800
2022-08-04,99.599998,109.000000,96.800003,108.610001,108.610001,3391500
2022-08-05,106.820000,110.540001,105.007004,106.089996,106.089996,1845800
2022-08-08,105.654999,107.360001,104.589996,106.430000,106.430000,1290700
2022-08-09,104.320000,105.230003,100.029999,102.230003,102.230003,2112800
2022-08-10,105.389999,109.250000,104.449997,109.010002,109.010002,1734200
2022-08-11,110.000000,112.330002,108.160004,108.720001,108.720001,1379600
2022-08-12,109.800003,111.570000,109.306000,111.070000,111.070000,866900
2022-08-15,110.180000,111.440002,108.169998,108.919998,108.919998,673800
2022-08-16,108.610001,109.055000,107.050003,107.910004,107.910004,738500
2022-08-17,106.089996,106.860001,103.830002,105.419998,105.419998,1005900
2022-08-18,105.209999,108.160004,104.550003,107.050003,107.050003,872300
2022-08-19,106.000000,106.860001,103.349998,103.699997,103.699997,967400
2022-08-22,101.699997,101.980003,98.980003,99.449997,99.449997,972500
2022-08-23,99.610001,101.370003,98.550003,98.720001,98.720001,770500
2022-08-24,98.540001,98.800003,97.385002,98.059998,98.059998,679400
2022-08-25,98.080002,102.019997,98.080002,101.959999,101.959999,857300
2022-08-26,102.379997,102.800003,95.669998,95.699997,95.699997,1187900
2022-08-29,95.000000,96.199997,93.599998,93.800003,93.800003,776100
2022-08-30,95.000000,95.080002,91.190002,91.750000,91.750000,1236300
2022-08-31,92.029999,92.139999,89.070000,89.779999,89.779999,1533500
2022-09-01,88.089996,90.199997,87.050003,90.080002,90.080002,1554200
2022-09-02,92.000000,92.559998,89.529999,90.139999,90.139999,1227400
2022-09-06,89.910004,90.439003,87.879997,88.800003,88.800003,1003700
2022-09-07,89.160004,90.690002,88.459999,90.059998,90.059998,988200
2022-09-08,90.184998,91.540001,88.680000,91.120003,91.120003,1008000
2022-09-09,92.250000,93.940002,92.129997,93.529999,93.529999,882800
2022-09-12,94.099998,94.980003,92.605003,93.410004,93.410004,911200
2022-09-13,90.139999,90.400002,85.910004,86.220001,86.220001,2243300
2022-09-14,86.510002,87.050003,84.879997,85.940002,85.940002,1641900
2022-09-15,85.419998,87.199997,84.169998,85.430000,85.430000,1671700
2022-09-16,84.900002,86.800003,83.901001,85.930000,85.930000,2982100
2022-09-19,85.010002,87.730003,84.839996,87.190002,87.190002,1147100
2022-09-20,86.290001,86.830002,84.610001,85.820000,85.820000,1132000
2022-09-21,86.120003,88.419998,84.430000,84.470001,84.470001,1056000
2022-09-22,84.120003,84.239998,81.150002,81.970001,81.970001,1413700
2022-09-23,81.370003,82.370003,80.470001,82.320000,82.320000,1906400
2022-09-26,81.820000,83.720001,81.029999,81.540001,81.540001,1358100
2022-09-27,83.019997,83.849998,81.150002,82.260002,82.260002,939400
2022-09-28,81.690002,83.430000,81.489998,82.669998,82.669998,1209900
2022-09-29,81.320000,82.629997,80.389999,81.790001,81.790001,1955700
2022-09-30,80.800003,82.760002,79.360001,79.410004,79.410004,1875900
2022-10-03,80.410004,82.980003,79.489998,82.320000,82.320000,1441900
2022-10-04,84.410004,86.260002,84.300003,86.070000,86.070000,1552900
2022-10-05,84.809998,88.029999,84.500000,87.349998,87.349998,1113200
2022-10-06,87.230003,88.080002,85.239998,85.459999,85.459999,1245100
2022-10-07,83.300003,83.805000,81.059998,81.510002,81.510002,1757300
2022-10-10,81.550003,82.320000,79.489998,81.959999,81.959999,1642700
2022-10-11,79.639999,80.519997,77.900002,78.620003,78.620003,1526900
2022-10-12,78.410004,79.190002,77.464996,78.339996,78.339996,1198200
2022-10-13,75.949997,84.190002,75.379997,81.919998,81.919998,1796600
2022-10-14,82.339996,82.660004,79.150002,79.639999,79.639999,1341900
2022-10-17,81.760002,82.570000,80.029999,80.970001,80.970001,1156900
2022-10-18,83.230003,84.339996,79.720001,81.290001,81.290001,941200
2022-10-19,80.699997,82.139999,80.389999,81.779999,81.779999,856600
2022-10-20,82.160004,84.213997,81.650002,82.120003,82.120003,875500
2022-10-21,82.029999,85.639999,81.279999,85.489998,85.489998,1036700
2022-10-24,83.820000,86.668999,83.720001,86.010002,86.010002,1010300
2022-10-25,86.349998,87.730003,85.760002,86.040001,86.040001,1339800
2022-10-26,84.790001,87.230003,84.309998,85.419998,85.419998,998900
2022-10-27,86.180000,87.010002,84.620003,84.989998,84.989998,1182400
2022-10-28,85.349998,88.699997,85.158997,88.459999,88.459999,1200600
2022-10-31,87.900002,88.010002,85.514999,86.080002,86.080002,1081800
2022-11-01,87.800003,87.910004,85.430000,86.510002,86.510002,953400
2022-11-02,86.570000,89.809998,84.480003,84.480003,84.480003,2295900
2022-11-03,80.000000,84.870003,79.750999,82.669998,82.669998,2505300
2022-11-04,85.339996,87.374001,84.330002,86.849998,86.849998,1968200
2022-11-07,87.559998,88.540001,85.959999,88.110001,88.110001,1387000
2022-11-08,88.870003,89.769997,86.785004,88.139999,88.139999,1603800
2022-11-09,86.879997,87.059998,84.779999,84.900002,84.900002,1221800
2022-11-10,89.400002,94.910004,89.400002,94.680000,94.680000,1953300
2022-11-11,94.050003,97.389999,93.160004,96.779999,96.779999,1167500
2022-11-14,95.769997,96.739998,94.339996,94.410004,94.410004,901000
2022-11-15,98.330002,100.044998,96.910004,98.750000,98.750000,1275400
2022-11-16,97.510002,97.510002,92.129997,92.830002,92.830002,2184400
2022-11-17,91.160004,97.750000,91.160004,97.699997,97.699997,1697500
2022-11-18,98.980003,99.593002,97.449997,98.919998,98.919998,1393600
2022-11-21,97.410004,98.309998,94.800003,94.830002,94.830002,1072400
2022-11-22,95.599998,96.970001,94.120003,96.930000,96.930000,913600
2022-11-23,96.820000,98.879997,96.559998,97.580002,97.580002,604200
2022-11-25,97.300003,97.699997,95.930000,95.940002,95.940002,371000
2022-11-28,94.699997,96.254997,93.739998,94.209999,94.209999,936800
2022-11-29,95.489998,95.940002,93.629997,93.980003,93.980003,927100
2022-11-30,94.500000,99.300003,93.180000,99.250000,99.250000,1941400
2022-12-01,100.000000,100.165001,97.110001,97.250000,97.250000,1267100
2022-12-02,95.080002,97.279999,94.720001,97.190002,97.190002,690100
2022-12-05,96.480003,98.720001,96.300003,97.559998,97.559998,878800
2022-12-06,97.559998,97.680000,94.779999,95.699997,95.699997,1024000
2022-12-07,94.209999,96.239998,93.830002,95.419998,95.419998,702300
2022-12-08,96.160004,99.180000,95.519997,98.779999,98.779999,1001400
2022-12-09,97.699997,99.239998,97.089996,97.599998,97.599998,1032000
2022-12-12,97.599998,99.220001,96.940002,99.199997,99.199997,677400
2022-12-13,103.199997,104.440002,101.480003,102.199997,102.199997,1666600
2022-12-14,101.230003,102.970001,99.580002,100.940002,100.940002,1093600
2022-12-15,99.089996,99.449997,96.459999,96.849998,96.849998,1414000
2022-12-16,96.160004,96.680000,93.309998,94.589996,94.589996,3711900
2022-12-19,94.889999,95.010002,91.830002,93.019997,93.019997,1052000
2022-12-20,91.449997,93.019997,90.690002,90.830002,90.830002,1386100
2022-12-21,91.500000,93.669998,91.419998,93.169998,93.169998,1155200
2022-12-22,91.150002,91.349998,88.209999,91.070000,91.070000,1526900
2022-12-23,90.459999,91.320000,88.974998,90.500000,90.500000,667500
2022-12-27,89.830002,90.139999,88.620003,89.529999,89.529999,943800
2022-12-28,88.620003,89.500000,86.989998,87.790001,87.790001,1237500
2022-12-29,88.989998,91.239998,88.629997,90.309998,90.309998,977800
2022-12-30,88.699997,90.720001,87.875999,90.639999,90.639999,859000
2023-01-03,92.589996,92.650002,89.029999,89.139999,89.139999,1451500
2023-01-04,90.820000,91.540001,89.660004,91.000000,91.000000,1168800
2023-01-05,90.199997,91.855003,89.559998,90.290001,90.290001,1206800
2023-01-06,90.800003,93.940002,90.175003,93.349998,93.349998,1162300
2023-01-09,95.000000,97.239998,94.699997,95.209999,95.209999,1361400
2023-01-10,94.650002,96.559998,93.760002,96.180000,96.180000,964700
2023-01-11,96.199997,99.099998,95.059998,99.050003,99.050003,899600
2023-01-12,99.690002,100.519997,97.940002,99.660004,99.660004,952200
2023-01-13,98.480003,100.459999,98.129997,100.400002,100.400002,748000
2023-01-17,100.199997,102.889999,100.059998,101.269997,101.269997,1526400
2023-01-18,102.279999,104.720001,100.930000,100.970001,100.970001,1208600
2023-01-19,100.029999,100.305000,98.279999,98.790001,98.790001,1297700
2023-01-20,100.160004,102.480003,98.660004,102.389999,102.389999,1036900
2023-01-23,103.830002,109.690002,103.489998,109.430000,109.430000,1844300
2023-01-24,108.239998,110.370003,107.529999,108.110001,108.110001,1182900
2023-01-25,106.180000,110.379997,106.110001,110.110001,110.110001,1177200
2023-01-26,111.410004,112.760002,110.610001,112.529999,112.529999,1276100
2023-01-27,111.300003,112.980003,111.000000,111.610001,111.610001,725200
2023-01-30,109.889999,110.750000,107.589996,107.690002,107.690002,1485600
2023-01-31,106.730003,108.720001,106.629997,108.660004,108.660004,1412200
2023-02-01,109.260002,114.586998,108.949997,113.529999,113.529999,3167200
2023-02-02,110.410004,110.410004,102.599998,106.970001,106.970001,3849100
2023-02-03,105.290001,109.540001,104.690002,106.879997,106.879997,2582100
2023-02-06,105.260002,106.309998,102.010002,102.239998,102.239998,1593900
2023-02-07,102.550003,109.680000,102.550003,108.559998,108.559998,2481000
2023-02-08,107.339996,108.570000,105.690002,105.870003,105.870003,1385200
2023-02-09,107.120003,108.610001,105.230003,105.949997,105.949997,1137600
2023-02-10,105.300003,105.750000,102.620003,103.309998,103.309998,1248600
2023-02-13,103.820000,105.919998,103.220001,105.419998,105.419998,1440400
2023-02-14,104.680000,106.910004,103.650002,106.430000,106.430000,930700
2023-02-15,105.260002,105.360001,103.330002,105.269997,105.269997,967300
2023-02-16,104.019997,106.044998,103.870003,104.440002,104.440002,978100
2023-02-17,104.040001,104.345001,102.307999,103.080002,103.080002,972300
2023-02-21,101.839996,103.209999,100.195000,100.320000,100.320000,1555500
2023-02-22,100.650002,101.559998,99.589996,100.209999,100.209999,882400
2023-02-23,102.610001,103.882004,100.750000,103.080002,103.080002,1441500
2023-02-24,101.160004,101.449997,99.760002,100.669998,100.669998,1145100
2023-02-27,102.110001,102.199997,99.889999,100.029999,100.029999,945600
2023-02-28,99.470001,101.959999,99.260002,100.889999,100.889999,1267800
2023-03-01,101.089996,102.870003,99.980003,100.449997,100.449997,1090700
2023-03-02,99.029999,101.925003,98.190002,101.239998,101.239998,1011600
2023-03-03,101.470001,103.029999,100.000000,102.699997,102.699997,1166200
2023-03-06,102.779999,103.379997,100.550003,100.750000,100.750000,1736500
2023-03-07,100.629997,101.080002,98.800003,100.050003,100.050003,1510000
2023-03-08,100.699997,102.029999,100.250000,101.330002,101.330002,1075500
2023-03-09,100.830002,102.084999,97.379997,97.540001,97.540001,1751300
2023-03-10,98.209999,98.250000,94.739998,95.330002,95.330002,1199300
2023-03-13,94.110001,96.870003,93.129997,94.669998,94.669998,1209700
2023-03-14,96.510002,97.940002,95.010002,96.279999,96.279999,1364400
2023-03-15,94.440002,95.099998,92.379997,94.070000,94.070000,1136100
2023-03-16,93.500000,97.610001,93.500000,97.150002,97.150002,1926300
2023-03-17,97.650002,97.919998,95.910004,96.650002,96.650002,1627900
2023-03-20,97.070000,99.519997,96.000000,99.209999,99.209999,915300
2023-03-21,100.059998,101.690002,99.379997,100.919998,100.919998,883100
2023-03-22,100.750000,103.080002,99.389999,99.470001,99.470001,904300
2023-03-23,100.989998,104.029999,100.660004,102.480003,102.480003,1202500
2023-03-24,101.800003,102.480003,100.129997,100.919998,100.919998,1218800
2023-03-27,101.550003,101.620003,97.830002,98.519997,98.519997,1057600
2023-03-28,97.949997,98.199997,96.099998,97.610001,97.610001,1018400
2023-03-29,99.169998,101.105003,98.320000,100.190002,100.190002,995500
2023-03-30,101.180000,101.709999,100.180000,100.879997,100.879997,1003300
2023-03-31,100.300003,101.790001,99.970001,101.570000,101.570000,941700
2023-04-03,100.599998,101.339996,99.199997,100.870003,100.870003,980300
2023-04-04,101.010002,101.345001,96.464996,97.250000,97.250000,888200
2023-04-05,96.500000,96.500000,94.559998,95.000000,95.000000,1712000
2023-04-06,94.129997,95.410004,93.910004,94.730003,94.730003,1987300
2023-04-10,94.050003,95.760002,93.580002,95.199997,95.199997,1240900
2023-04-11,95.709999,95.910004,94.889999,95.099998,95.099998,1136500
2023-04-12,95.769997,95.879997,93.250000,93.519997,93.519997,873400
2023-04-13,93.540001,94.260002,92.785004,93.620003,93.620003,746100
2023-04-14,93.089996,94.500000,92.489998,93.580002,93.580002,885000
2023-04-17,92.750000,93.839996,92.290001,93.620003,93.620003,808400
2023-04-18,94.279999,95.000000,92.800003,93.529999,93.529999,928500
2023-04-19,92.580002,93.160004,91.510002,92.599998,92.599998,880500
2023-04-20,91.529999,94.139999,91.529999,92.959999,92.959999,977700
2023-04-21,92.199997,93.040001,91.290001,92.949997,92.949997,1239300
2023-04-24,92.639999,93.110001,91.300003,92.010002,92.010002,807900
2023-04-25,91.279999,91.690002,89.470001,89.690002,89.690002,1072400
2023-04-26,90.339996,90.610001,88.875000,89.790001,89.790001,1108300
2023-04-27,89.480003,90.570000,87.790001,90.330002,90.330002,1576400
2023-04-28,91.029999,92.389999,90.550003,92.080002,92.080002,1199700
2023-05-01,91.900002,93.239998,91.792999,92.839996,92.839996,1176800
2023-05-02,93.000000,93.860001,91.989998,93.430000,93.430000,1083700
2023-05-03,92.320000,95.709999,92.279999,93.620003,93.620003,1933900
2023-05-04,102.269997,102.779999,92.372002,93.989998,93.989998,3259100
2023-05-05,94.139999,94.849998,92.169998,92.910004,92.910004,2137800
2023-05-08,92.290001,94.459999,92.000000,94.169998,94.169998,1585700
2023-05-09,91.800003,93.830002,90.739998,93.139999,93.139999,1733300
2023-05-10,94.330002,94.514999,91.599998,92.589996,92.589996,1469900
2023-05-11,92.349998,92.629997,90.419998,90.559998,90.559998,1319900
2023-05-12,90.650002,91.089996,89.220001,90.239998,90.239998,1141100
2023-05-15,90.300003,93.180000,89.739998,93.019997,93.019997,1258500
2023-05-16,92.849998,93.480003,90.489998,90.589996,90.589996,887500
2023-05-17,90.730003,92.824997,90.250000,92.480003,92.480003,1147100
2023-05-18,93.190002,95.220001,92.449997,95.019997,95.019997,1043200
2023-05-19,95.000000,95.260002,93.910004,95.040001,95.040001,1316200
2023-05-22,93.839996,96.739998,93.839996,96.120003,96.120003,935100
2023-05-23,93.839996,96.160004,93.714996,94.120003,94.120003,883400
2023-05-24,92.559998,93.970001,91.599998,93.750000,93.750000,1109500
2023-05-25,93.320000,94.690002,91.279999,94.290001,94.290001,1911900
2023-05-26,95.000000,100.500000,94.760002,100.040001,100.040001,1678400
2023-05-30,102.370003,102.540001,98.989998,99.279999,99.279999,1243700
2023-05-31,97.830002,99.209999,96.599998,97.260002,97.260002,1437100
2023-06-01,98.000000,99.610001,95.690002,98.430000,98.430000,1276100
2023-06-02,98.820000,99.360001,96.809998,98.040001,98.040001,951000
2023-06-05,97.449997,97.704002,95.059998,95.900002,95.900002,1164100
2023-06-06,95.230003,98.650002,95.230003,96.870003,96.870003,878300
2023-06-07,97.500000,100.418999,97.184998,98.760002,98.760002,916500
2023-06-08,99.720001,99.889999,98.300003,99.040001,99.040001,801400
2023-06-09,100.500000,100.709999,97.900002,98.360001,98.360001,731500
2023-06-12,98.610001,100.720001,98.220001,100.599998,100.599998,732300
2023-06-13,102.169998,103.430000,101.690002,102.879997,102.879997,1332600
2023-06-14,102.430000,104.447998,102.000000,103.599998,103.599998,1210200
2023-06-15,101.879997,103.290001,101.309998,102.510002,102.510002,992800
2023-06-16,104.139999,104.150002,102.120003,102.620003,102.620003,3468700
2023-06-20,102.360001,103.349998,101.870003,102.860001,102.860001,1121200
2023-06-21,102.330002,102.419998,100.250000,100.800003,100.800003,987500
2023-06-22,100.290001,101.220001,99.489998,101.019997,101.019997,1043600
2023-06-23,99.050003,99.489998,96.779999,97.320000,97.320000,1622900
2023-06-26,97.750000,100.349998,97.739998,98.769997,98.769997,1016900
2023-06-27,98.800003,102.190002,98.025002,102.029999,102.029999,997400
2023-06-28,100.389999,102.000000,100.070000,100.660004,100.660004,1018600
2023-06-29,101.300003,101.570000,99.790001,101.339996,101.339996,755600
2023-06-30,102.059998,102.389999,101.169998,102.029999,102.029999,1067600
2023-07-03,102.029999,103.629997,101.849998,103.120003,103.120003,779900
2023-07-05,101.309998,101.675003,97.580002,97.589996,97.589996,1572500
2023-07-06,96.099998,98.650002,96.059998,98.540001,98.540001,1804400
2023-07-07,98.919998,101.410004,98.570000,100.230003,100.230003,1200200
2023-07-10,100.690002,103.970001,100.230003,103.839996,103.839996,1066500
2023-07-11,104.769997,105.400002,101.885002,104.080002,104.080002,1064600
2023-07-12,105.459999,105.699997,104.220001,105.320000,105.320000,1330400
2023-07-13,106.050003,107.300003,105.050003,106.870003,106.870003,952200
2023-07-14,106.440002,106.625000,104.309998,104.870003,104.870003,934900
2023-07-17,105.000000,108.070000,104.754997,107.379997,107.379997,904700
2023-07-18,106.620003,107.794998,105.839996,106.769997,106.769997,712900
2023-07-19,106.629997,107.330002,105.769997,105.839996,105.839996,652100
2023-07-20,104.699997,106.129997,104.099998,104.790001,104.790001,1275100
2023-07-21,106.050003,108.480003,105.540001,107.089996,107.089996,1214800
2023-07-24,106.889999,107.839996,106.514999,106.750000,106.750000,730700
2023-07-25,107.250000,108.129997,106.900002,107.129997,107.129997,915000
2023-07-26,105.760002,107.760002,105.330002,106.970001,106.970001,1112100
2023-07-27,108.860001,110.139999,106.489998,106.980003,106.980003,1393000
2023-07-28,108.970001,110.050003,107.599998,109.489998,109.489998,1391000
2023-07-31,109.650002,111.220001,109.650002,110.019997,110.019997,892700
2023-08-01,108.970001,110.870003,108.709999,110.209999,110.209999,931000
2023-08-02,108.379997,109.349998,105.930000,106.110001,106.110001,1997600
2023-08-03,112.000000,112.120003,104.040001,105.839996,105.839996,2709000
2023-08-04,105.580002,108.230003,105.440002,106.879997,106.879997,1132600
2023-08-07,107.080002,107.570000,105.540001,106.720001,106.720001,1086500
2023-08-08,105.250000,106.589996,103.760002,106.199997,106.199997,1124000
2023-08-09,105.989998,106.819000,104.915001,105.099998,105.099998,786000
2023-08-10,106.199997,106.860001,103.660004,104.360001,104.360001,1060900
2023-08-11,102.949997,102.959999,101.120003,101.879997,101.879997,1325300
2023-08-14,101.239998,103.360001,100.970001,103.190002,103.190002,1126700
2023-08-15,102.019997,102.199997,99.360001,99.519997,99.519997,1397200
2023-08-16,99.339996,99.339996,96.919998,97.220001,97.220001,1472200
2023-08-17,97.220001,98.779999,96.739998,98.250000,98.250000,1245000
2023-08-18,97.050003,99.269997,97.050003,98.959999,98.959999,1115700
2023-08-21,99.080002,101.199997,99.019997,100.620003,100.620003,863800
2023-08-22,101.370003,102.000000,100.040001,100.160004,100.160004,723400
2023-08-23,99.980003,102.635002,99.699997,102.220001,102.220001,989600
2023-08-24,103.000000,103.129997,99.629997,99.730003,99.730003,1417200
2023-08-25,100.139999,101.989998,99.074997,101.529999,101.529999,1040600
2023-08-28,102.000000,104.019997,101.930000,103.779999,103.779999,939900
2023-08-29,103.199997,106.275002,103.199997,105.750000,105.750000,1110000
2023-08-30,105.419998,106.839996,104.410004,106.459999,106.459999,933400
2023-08-31,105.980003,108.150002,105.980003,107.389999,107.389999,1308800
2023-09-01,107.800003,108.500000,107.199997,108.449997,108.449997,736600
2023-09-05,108.000000,108.379997,107.010002,107.169998,107.169998,1168300
2023-09-06,106.949997,107.330002,104.862999,106.239998,106.239998,1223100
2023-09-07,103.849998,104.370003,98.029999,98.720001,98.720001,2572600
2023-09-08,98.300003,99.459999,97.970001,99.339996,99.339996,1256500
2023-09-11,100.480003,100.902000,97.089996,97.209999,97.209999,1346000
2023-09-12,96.459999,97.449997,94.110001,94.510002,94.510002,2063300
2023-09-13,94.370003,95.209999,93.724998,94.339996,94.339996,1233400
2023-09-14,95.419998,96.480003,94.760002,96.099998,96.099998,1589400
2023-09-15,95.650002,97.000000,95.169998,95.930000,95.930000,2216200
2023-09-18,95.809998,97.470001,95.809998,96.870003,96.870003,1528600
2023-09-19,96.900002,96.900002,95.524002,95.650002,95.650002,722000
2023-09-20,96.129997,96.610001,95.169998,95.209999,95.209999,1049100
2023-09-21,94.470001,95.695000,94.470001,94.550003,94.550003,961700
2023-09-22,95.220001,95.239998,93.839996,94.129997,94.129997,763500
2023-09-25,93.489998,96.714996,93.489998,96.500000,96.500000,1154100
2023-09-26,95.400002,96.379997,94.600998,94.809998,94.809998,1552000
2023-09-27,94.989998,95.500000,93.480003,94.559998,94.559998,1408300
2023-09-28,94.410004,96.599998,94.410004,95.470001,95.470001,1067500
2023-09-29,96.790001,96.925003,95.290001,95.470001,95.470001,840400
2023-10-02,95.029999,95.980003,94.470001,95.120003,95.120003,1224800
2023-10-03,94.750000,96.870003,93.180000,93.730003,93.730003,1038100
2023-10-04,93.860001,94.279999,93.059998,94.099998,94.099998,946900
2023-10-05,94.269997,94.580002,92.949997,93.919998,93.919998,871800
2023-10-06,93.839996,95.779999,93.230003,94.830002,94.830002,1029300
2023-10-09,93.410004,95.059998,93.129997,94.900002,94.900002,650700
2023-10-10,91.639999,94.309998,90.875000,93.260002,93.260002,1669600
2023-10-11,92.949997,93.580002,91.555000,93.419998,93.419998,1207200
2023-10-12,93.580002,93.860001,91.910004,92.989998,92.989998,1159200
2023-10-13,93.129997,93.260002,90.410004,90.919998,90.919998,953100
2023-10-16,91.480003,92.709999,91.320000,92.220001,92.220001,888200
2023-10-17,90.879997,93.065002,90.629997,92.760002,92.760002,885600
2023-10-18,91.500000,92.040001,90.870003,91.699997,91.699997,1066600
2023-10-19,92.470001,93.220001,90.680000,90.980003,90.980003,1215700
2023-10-20,91.239998,91.470001,89.879997,90.000000,90.000000,1174100
2023-10-23,89.589996,90.169998,88.339996,88.389999,88.389999,1108600
2023-10-24,88.550003,89.620003,87.919998,88.839996,88.839996,963400
2023-10-25,87.540001,87.610001,85.500000,86.199997,86.199997,1194300
2023-10-26,87.029999,87.750000,86.029999,86.279999,86.279999,1067700
2023-10-27,86.889999,87.559998,85.940002,86.470001,86.470001,1005500
2023-10-30,86.309998,86.849998,84.610001,86.070000,86.070000,1192900
2023-10-31,86.099998,87.519997,85.345001,87.419998,87.419998,1594800
2023-11-01,87.449997,87.989998,85.690002,87.820000,87.820000,1960300
2023-11-02,90.209999,91.000000,80.620003,85.480003,85.480003,3583900
2023-11-03,86.010002,89.300003,85.980003,88.330002,88.330002,1552600
2023-11-06,88.000000,88.949997,87.105003,88.139999,88.139999,1258200
2023-11-07,87.650002,88.419998,87.279999,88.120003,88.120003,1003100
2023-11-08,88.980003,90.970001,87.800003,87.940002,87.940002,1515400
2023-11-09,88.639999,89.070000,87.320000,87.430000,87.430000,1466500
2023-11-10,88.500000,91.949997,88.389999,91.660004,91.660004,2349800
2023-11-13,90.930000,91.035004,89.650002,90.370003,90.370003,995500
2023-11-14,92.650002,95.269997,92.389999,94.620003,94.620003,1805800
2023-11-15,94.949997,95.949997,94.620003,95.199997,95.199997,1480200
2023-11-16,94.809998,95.320000,93.540001,93.860001,93.860001,1194300
2023-11-17,94.410004,94.489998,93.559998,94.080002,94.080002,1112700
2023-11-20,94.010002,95.559998,93.699997,95.139999,95.139999,803300
2023-11-21,93.989998,94.000000,92.440002,93.129997,93.129997,1196800
2023-11-22,93.680000,94.720001,93.260002,93.349998,93.349998,793800
2023-11-24,93.279999,93.709999,93.169998,93.389999,93.389999,390400
2023-11-27,93.059998,93.809998,92.690002,93.339996,93.339996,1100700
2023-11-28,92.790001,94.029999,92.500000,93.510002,93.510002,1133400
2023-11-29,95.059998,97.080002,95.059998,95.889999,95.889999,1371000
2023-11-30,96.089996,96.709999,95.504997,96.500000,96.500000,1675200
2023-12-01,96.230003,97.839996,95.190002,97.419998,97.419998,1378600
2023-12-04,96.430000,97.760002,96.129997,97.669998,97.669998,1207200
2023-12-05,96.790001,97.820000,96.180000,97.110001,97.110001,1073500
2023-12-06,97.720001,98.919998,97.199997,97.510002,97.510002,1167200
2023-12-07,98.070000,101.059998,97.699997,100.320000,100.320000,1257500
2023-12-08,101.900002,104.839996,101.879997,103.970001,103.970001,1696000
2023-12-11,104.120003,106.379997,103.970001,106.040001,106.040001,1374000
2023-12-12,105.370003,106.959999,105.260002,106.269997,106.269997,869700
2023-12-13,106.010002,109.330002,106.010002,108.320000,108.320000,1518200
2023-12-14,109.589996,112.730003,109.239998,112.550003,112.550003,1993000
2023-12-15,113.080002,113.400002,111.620003,112.260002,112.260002,2048500
2023-12-18,112.000000,112.297997,110.300003,111.910004,111.910004,1478100
2023-12-19,112.089996,112.449997,111.349998,111.489998,111.489998,1479700
2023-12-20,110.919998,111.650002,108.459000,108.550003,108.550003,1600300
2023-12-21,110.410004,111.620003,109.910004,111.209999,111.209999,1041500
2023-12-22,111.559998,113.449997,111.139999,112.599998,112.599998,1166100
2023-12-26,113.239998,114.970001,112.980003,114.379997,114.379997,733300
2023-12-27,114.650002,114.730003,113.845001,114.610001,114.610001,602200
2023-12-28,114.639999,114.860001,114.000000,114.180000,114.180000,545100
2023-12-29,114.059998,114.337997,112.309998,112.610001,112.610001,908900
2024-01-02,111.230003,111.370003,107.875000,108.910004,108.910004,2131300
2024-01-03,107.879997,107.879997,105.510002,105.690002,105.690002,1537200
2024-01-04,102.220001,104.190002,101.349998,102.989998,102.989998,1951600
2024-01-05,102.730003,104.305000,102.239998,103.120003,103.120003,1175700
2024-01-08,103.459999,106.190002,103.095001,105.389999,105.389999,1093400
2024-01-09,104.019997,105.525002,103.389999,104.000000,104.000000,851400
2024-01-10,103.620003,104.629997,102.519997,104.489998,104.489998,964100
2024-01-11,103.989998,104.389999,101.470001,103.709999,103.709999,1207900
2024-01-12,104.000000,104.529999,101.809998,102.300003,102.300003,891600
2024-01-16,101.760002,102.529999,100.500000,101.410004,101.410004,1022500
2024-01-17,100.370003,101.139999,98.379997,99.889999,99.889999,1061900
2024-01-18,102.110001,103.930000,101.230003,103.779999,103.779999,1734500
2024-01-19,105.110001,106.230003,103.820000,105.559998,105.559998,1361100
2024-01-22,106.389999,107.567001,105.889999,106.699997,106.699997,874500
2024-01-23,107.120003,108.290001,106.690002,107.769997,107.769997,607000
2024-01-24,107.860001,108.290001,105.589996,105.959999,105.959999,1031400
2024-01-25,107.739998,107.769997,105.559998,106.440002,106.440002,1309300
2024-01-26,105.169998,105.845001,102.720001,103.680000,103.680000,1260400
2024-01-29,104.000000,104.235001,102.769997,103.699997,103.699997,1620100
2024-01-30,102.879997,103.190002,100.110001,100.260002,100.260002,2413800
2024-01-31,101.050003,102.150002,98.339996,99.739998,99.739998,3626300
2024-02-01,105.070000,108.430000,102.779999,105.750000,105.750000,3979200
2024-02-02,105.300003,105.300003,102.339996,103.589996,103.589996,2167500
2024-02-05,104.190002,108.129997,104.029999,107.330002,107.330002,1736400
2024-02-06,107.720001,108.720001,106.676003,108.610001,108.610001,1762900
2024-02-07,109.930000,111.099998,107.959999,110.849998,110.849998,1609300
2024-02-08,110.480003,113.709999,110.480003,112.620003,112.620003,1396200
2024-02-09,112.849998,113.919998,112.214996,112.320000,112.320000,1133000
2024-02-12,112.410004,114.790001,111.760002,113.730003,113.730003,1194000
2024-02-13,110.389999,112.750000,110.000000,111.709999,111.709999,1332100
2024-02-14,112.800003,113.900002,111.809998,113.589996,113.589996,1078900
2024-02-15,114.000000,114.750000,113.349998,113.879997,113.879997,1222900
2024-02-16,113.730003,114.290001,112.110001,112.169998,112.169998,855500
2024-02-20,111.000000,112.550003,110.900002,111.860001,111.860001,1086100
2024-02-21,110.930000,111.919998,110.184998,111.889999,111.889999,864600
2024-02-22,113.680000,113.860001,112.029999,113.449997,113.449997,1010300
2024-02-23,113.419998,113.959999,112.680000,112.800003,112.800003,670600
2024-02-26,113.709999,114.250000,113.410004,113.519997,113.519997,592400
2024-02-27,113.879997,114.779999,113.730003,114.010002,114.010002,561700
2024-02-28,112.779999,113.430000,111.879997,112.050003,112.050003,624300
2024-02-29,113.650002,114.769997,112.400002,114.550003,114.550003,1159200
2024-03-01,115.000000,120.254997,114.970001,119.620003,119.620003,1789000
2024-03-04,121.000000,121.650002,119.620003,120.220001,120.220001,1337300
2024-03-05,119.220001,119.220001,112.260002,113.290001,113.290001,1406800
2024-03-06,115.000000,118.724998,114.970001,115.889999,115.889999,1235300
2024-03-07,116.940002,119.959999,116.820000,118.790001,118.790001,1138000
2024-03-08,119.010002,119.750000,116.050003,116.070000,116.070000,1383600