Date,Open,High,Low,Close,Adj Close,Volume
2018-10-25,32.000000,32.189999,30.000000,31.350000,31.350000,22912000
2018-10-26,30.700001,31.209999,29.750000,31.090000,31.090000,5137200
2018-10-29,32.240002,32.500000,29.000000,29.059999,29.059999,2144900
2018-10-30,29.000000,29.400000,27.590000,28.680000,28.680000,2613400
2018-10-31,29.129999,29.900000,28.500000,28.690001,28.690001,1985000
2018-11-01,28.980000,29.879999,28.500000,29.420000,29.420000,1491700
2018-11-02,29.860001,30.620001,29.600000,30.129999,30.129999,872700
2018-11-05,30.350000,31.719999,29.959999,30.750000,30.750000,693800
2018-11-06,30.690001,30.940001,29.510000,30.469999,30.469999,462700
2018-11-07,30.500000,30.750000,29.350000,29.400000,29.400000,622500
2018-11-08,27.700001,28.230000,26.250000,27.700001,27.700001,4920800
2018-11-09,28.549999,28.590000,27.000000,27.370001,27.370001,2456900
2018-11-12,27.520000,27.670000,24.160000,25.010000,25.010000,2864400
2018-11-13,25.090000,25.889999,24.750000,24.799999,24.799999,620600
2018-11-14,25.000000,25.299999,23.370001,23.440001,23.440001,2032200
2018-11-15,23.500000,24.820000,23.120001,24.639999,24.639999,1079200
2018-11-16,24.639999,25.900000,24.520000,25.309999,25.309999,1486700
2018-11-19,24.740000,25.000000,21.799999,22.000000,22.000000,3321500
2018-11-20,21.400000,21.750000,20.049999,21.219999,21.219999,2460800
2018-11-21,21.600000,22.719999,21.600000,22.340000,22.340000,1143800
2018-11-23,22.250000,22.250000,21.090000,21.840000,21.840000,723000
2018-11-26,21.900000,22.290001,21.270000,21.700001,21.700001,1261300
2018-11-27,22.680000,25.750000,22.250000,22.780001,22.780001,4637000
2018-11-28,23.059999,24.480000,22.700001,24.030001,24.030001,2246500
2018-11-29,24.040001,24.370001,23.469999,23.850000,23.850000,1895100
2018-11-30,23.510000,24.040001,22.370001,23.570000,23.570000,1549500
2018-12-03,24.330000,24.500000,22.480000,22.530001,22.530001,1777300
2018-12-04,22.420000,23.000000,21.700001,22.090000,22.090000,1182100
2018-12-06,21.520000,22.020000,21.250000,21.670000,21.670000,1556100
2018-12-07,21.860001,22.410000,20.299999,20.760000,20.760000,1346300
2018-12-10,20.730000,21.040001,19.650000,19.870001,19.870001,1518900
2018-12-11,20.200001,21.049999,20.200001,20.590000,20.590000,2185300
2018-12-12,20.840000,20.950001,19.850000,19.860001,19.860001,1578900
2018-12-13,20.049999,20.150000,18.209999,18.540001,18.540001,1584400
2018-12-14,18.400000,18.889999,17.610001,17.709999,17.709999,989200
2018-12-17,17.620001,18.610001,17.010000,17.629999,17.629999,2990200
2018-12-18,17.750000,18.660000,17.709999,18.450001,18.450001,991400
2018-12-19,18.440001,18.940001,17.900000,18.120001,18.120001,1168600
2018-12-20,18.139999,18.389999,17.670000,17.780001,17.780001,2110400
2018-12-21,18.000000,18.070000,16.430000,16.990000,16.990000,1363400
2018-12-24,16.780001,16.809999,16.139999,16.709999,16.709999,367600
2018-12-26,16.770000,17.629999,16.760000,17.459999,17.459999,626800
2018-12-27,17.280001,17.500000,16.650000,17.209999,17.209999,932400
2018-12-28,17.299999,17.730000,17.299999,17.600000,17.600000,1162200
2018-12-31,17.820000,18.680000,17.600000,18.440001,18.440001,914900
2019-01-02,18.290001,19.219999,17.990000,19.070000,19.070000,1310500
2019-01-03,18.969999,19.180000,18.030001,18.559999,18.559999,1291900
2019-01-04,18.860001,20.150000,18.750000,19.990000,19.990000,1101500
2019-01-07,20.059999,20.740000,19.820000,20.690001,20.690001,884100
2019-01-08,20.930000,21.490000,20.590000,21.120001,21.120001,814700
2019-01-09,21.270000,21.389999,20.440001,21.030001,21.030001,838300
2019-01-10,21.030001,21.719999,20.799999,21.430000,21.430000,681100
2019-01-11,21.309999,21.510000,20.680000,21.100000,21.100000,498100
2019-01-14,20.940001,20.980000,20.430000,20.790001,20.790001,317600
2019-01-15,21.250000,21.799999,20.530001,20.709999,20.709999,960600
2019-01-16,20.750000,21.490000,20.670000,20.690001,20.690001,564500
2019-01-17,20.680000,20.980000,20.459999,20.660000,20.660000,223600
2019-01-18,21.059999,22.680000,20.790001,22.190001,22.190001,1281500
2019-01-22,22.200001,23.410000,22.200001,22.860001,22.860001,1121400
2019-01-23,22.879999,23.160000,21.510000,22.120001,22.120001,637500
2019-01-24,22.209999,23.040001,22.000000,22.900000,22.900000,645800
2019-01-25,23.000000,23.340000,22.610001,23.090000,23.090000,729200
2019-01-28,22.809999,22.990000,22.000000,22.190001,22.190001,596400
2019-01-29,22.290001,22.420000,21.700001,21.889999,21.889999,264100
2019-01-30,22.000000,22.400000,21.299999,21.459999,21.459999,922900
2019-01-31,21.459999,22.200001,21.100000,22.120001,22.120001,610800
2019-02-01,21.980000,22.809999,21.980000,22.809999,22.809999,473500
2019-02-04,22.799999,23.850000,22.480000,23.459999,23.459999,436900
2019-02-05,23.520000,23.680000,22.309999,22.760000,22.760000,1218500
2019-02-06,22.760000,23.030001,21.200001,21.379999,21.379999,1288700
2019-02-07,21.629999,21.809999,21.049999,21.270000,21.270000,620700
2019-02-08,21.209999,21.389999,20.670000,21.110001,21.110001,743600
2019-02-11,21.209999,21.870001,21.110001,21.150000,21.150000,539500
2019-02-12,21.309999,21.870001,20.889999,21.420000,21.420000,553500
2019-02-13,21.480000,21.799999,21.260000,21.370001,21.370001,442000
2019-02-14,21.309999,21.750000,20.940001,21.270000,21.270000,913800
2019-02-15,22.379999,22.500000,21.270000,22.070000,22.070000,1241700
2019-02-19,22.480000,23.590000,22.230000,23.459999,23.459999,1494500
2019-02-20,23.730000,25.280001,23.610001,25.120001,25.120001,2361100
2019-02-21,25.180000,25.719999,24.219999,24.430000,24.430000,1485200
2019-02-22,24.799999,26.950001,24.799999,26.260000,26.260000,2732100
2019-02-25,27.049999,29.440001,26.830000,29.350000,29.350000,2526000
2019-02-26,29.240000,29.820000,27.639999,29.580000,29.580000,2804800
2019-02-27,29.590000,32.250000,29.590000,32.200001,32.200001,3275700
2019-02-28,31.930000,32.310001,29.820000,30.410000,30.410000,2737100
2019-03-01,30.900000,31.680000,30.809999,31.129999,31.129999,1530500
2019-03-04,31.879999,34.500000,31.530001,32.000000,32.000000,4216200
2019-03-05,32.480000,33.230000,31.510000,32.189999,32.189999,2437400
2019-03-06,32.349998,32.939999,30.940001,31.000000,31.000000,1615200
2019-03-07,30.790001,31.100000,28.250000,29.030001,29.030001,2227200
2019-03-08,28.070000,30.270000,27.760000,29.920000,29.920000,1993800
2019-03-11,30.650000,32.709999,30.180000,31.969999,31.969999,3512500
2019-03-12,32.599998,33.189999,30.860001,31.709999,31.709999,1912100
2019-03-13,31.760000,32.500000,30.510000,30.760000,30.760000,1520300
2019-03-14,30.870001,32.000000,30.150000,30.340000,30.340000,1041300
2019-03-15,31.270000,32.910000,30.570000,32.509998,32.509998,3463800
2019-03-18,33.000000,36.880001,32.930000,34.599998,34.599998,7019200
2019-03-19,42.610001,43.910000,39.509998,40.970001,40.970001,15736000
2019-03-20,41.169998,42.090000,37.770000,37.799999,37.799999,4246400
2019-03-21,39.220001,44.209999,39.099998,42.950001,42.950001,5487400
2019-03-22,42.279999,43.160000,41.110001,41.820000,41.820000,2694100
2019-03-25,41.529999,41.930000,39.700001,40.439999,40.439999,2356200
2019-03-26,41.669998,44.500000,41.049999,43.560001,43.560001,4332400
2019-03-27,43.500000,44.110001,39.820000,41.430000,41.430000,4369300
2019-03-28,41.529999,42.020000,40.169998,41.049999,41.049999,1902900
2019-03-29,41.509998,42.180000,40.400002,41.110001,41.110001,1602000
2019-04-01,41.000000,43.840000,38.259998,42.930000,42.930000,6356800
2019-04-02,42.790001,45.619999,41.860001,42.150002,42.150002,6411400
2019-04-03,40.509998,40.700001,38.490002,38.500000,38.500000,16545900
2019-04-04,38.959999,39.389999,36.500000,37.430000,37.430000,7956000
2019-04-05,35.930000,37.330002,35.450001,35.900002,35.900002,9723200
2019-04-08,35.650002,38.330002,35.240002,37.770000,37.770000,6795800
2019-04-09,38.279999,39.000000,37.450001,37.480000,37.480000,4343800
2019-04-10,37.970001,38.299999,36.150002,36.880001,36.880001,3074100
2019-04-11,36.919998,37.119999,35.410000,35.660000,35.660000,2378200
2019-04-12,35.919998,36.150002,34.750000,35.250000,35.250000,3412800
2019-04-15,35.160000,36.299999,34.840000,35.950001,35.950001,2012600
2019-04-16,36.099998,36.470001,35.099998,36.230000,36.230000,1812100
2019-04-17,36.619999,36.650002,33.959999,34.740002,34.740002,2903000
2019-04-18,29.549999,29.600000,24.799999,26.510000,26.510000,32834600
2019-04-22,26.540001,26.940001,25.559999,25.920000,25.920000,4496700
2019-04-23,25.299999,25.889999,24.510000,25.139999,25.139999,11895700
2019-04-24,24.530001,27.660000,24.520000,26.820000,26.820000,10316800
2019-04-25,27.260000,27.290001,26.320000,26.930000,26.930000,2957700
2019-04-26,26.330000,27.000000,25.660000,26.770000,26.770000,3753000
2019-04-29,26.790001,28.280001,26.400000,27.969999,27.969999,3176700
2019-04-30,28.139999,29.290001,28.000000,28.790001,28.790001,4239200
2019-05-01,28.549999,28.740000,27.000000,27.000000,27.000000,4250000
2019-05-02,26.700001,27.740000,26.250000,26.650000,26.650000,2529500
2019-05-03,26.950001,27.650000,26.660000,27.540001,27.540001,1774300
2019-05-06,26.600000,27.889999,26.500000,27.570000,27.570000,3192600
2019-05-07,27.129999,27.500000,26.270000,27.090000,27.090000,1765900
2019-05-08,26.290001,27.490000,26.250000,27.340000,27.340000,2994800
2019-05-09,26.799999,27.889999,26.309999,27.690001,27.690001,1757400
2019-05-10,27.490000,28.459999,26.950001,27.910000,27.910000,4026800
2019-05-13,27.200001,27.280001,25.830000,26.540001,26.540001,4793900
2019-05-14,28.350000,28.500000,26.440001,26.530001,26.530001,5933800
2019-05-15,26.110001,26.480000,25.240000,26.209999,26.209999,2767900
2019-05-16,26.400000,27.750000,26.309999,26.870001,26.870001,2566300
2019-05-17,26.570000,26.719999,25.850000,25.870001,25.870001,1827000
2019-05-20,25.530001,26.850000,25.530001,26.799999,26.799999,1401100
2019-05-21,27.090000,28.700001,27.000000,28.639999,28.639999,4421500
2019-05-22,28.490000,29.200001,27.559999,27.750000,27.750000,1653200
2019-05-23,27.110001,27.309999,25.620001,26.170000,26.170000,1942400
2019-05-24,26.330000,26.799999,25.719999,26.059999,26.059999,1540100
2019-05-28,26.010000,26.790001,25.860001,26.389999,26.389999,1326600
2019-05-29,25.760000,26.090000,25.389999,25.580000,25.580000,4438400
2019-05-30,25.780001,26.120001,25.110001,25.500000,25.500000,1189100
2019-05-31,24.950001,25.370001,23.150000,25.200001,25.200001,2423800
2019-06-03,25.129999,25.540001,24.420000,24.690001,24.690001,1661200
2019-06-04,25.139999,26.660000,24.830000,26.230000,26.230000,2226000
2019-06-05,26.709999,27.000000,25.940001,26.290001,26.290001,1330400
2019-06-06,26.320000,27.190001,25.530001,27.030001,27.030001,1680900
2019-06-07,27.209999,27.309999,26.510000,26.629999,26.629999,2201800
2019-06-10,27.660000,28.750000,26.889999,28.000000,28.000000,2623000
2019-06-11,28.410000,28.930000,27.360001,27.879999,27.879999,1503700
2019-06-12,27.610001,28.309999,27.150000,28.170000,28.170000,1486100
2019-06-13,28.389999,29.610001,28.270000,28.540001,28.540001,3026000
2019-06-14,28.620001,28.700001,27.639999,28.330000,28.330000,1213100
2019-06-17,28.379999,29.440001,28.309999,29.290001,29.290001,1444800
2019-06-18,29.629999,30.760000,29.420000,29.950001,29.950001,2629700
2019-06-19,30.100000,30.190001,29.100000,29.370001,29.370001,2020000
2019-06-20,29.740000,29.980000,29.370001,29.440001,29.440001,1198000
2019-06-21,29.010000,29.670000,28.219999,29.139999,29.139999,1575300
2019-06-24,29.150000,29.200001,28.549999,28.700001,28.700001,1032100
2019-06-25,28.790001,28.980000,27.860001,28.200001,28.200001,1207400
2019-06-26,28.240000,28.580000,27.990000,28.450001,28.450001,1155400
2019-06-27,28.680000,29.480000,28.530001,28.799999,28.799999,1267400
2019-06-28,29.469999,30.000000,28.959999,29.580000,29.580000,2046800
2019-07-01,30.000000,30.480000,28.639999,28.879999,28.879999,1816500
2019-07-02,28.879999,28.940001,28.150000,28.520000,28.520000,1615800
2019-07-03,28.500000,28.719999,28.040001,28.450001,28.450001,553700
2019-07-05,28.309999,30.270000,28.270000,29.350000,29.350000,2526600
2019-07-08,29.250000,29.299999,28.670000,29.180000,29.180000,1258700
2019-07-09,29.020000,30.940001,28.860001,30.799999,30.799999,3217300
2019-07-10,31.299999,32.180000,31.080000,32.009998,32.009998,3628100
2019-07-11,32.150002,35.000000,32.119999,34.869999,34.869999,6232400
2019-07-12,34.790001,34.980000,33.570000,33.820000,33.820000,2879200
2019-07-15,34.009998,34.279999,33.330002,33.869999,33.869999,2493600
2019-07-16,33.990002,34.580002,33.230000,34.009998,34.009998,3622100
2019-07-17,34.009998,36.529999,33.830002,35.680000,35.680000,5252500
2019-07-18,35.599998,36.330002,34.580002,35.189999,35.189999,3066700
2019-07-19,35.209999,36.000000,34.720001,34.790001,34.790001,1973000
2019-07-22,35.110001,36.490002,34.820000,36.220001,36.220001,2485100
2019-07-23,36.400002,36.959999,34.220001,34.490002,34.490002,2349500
2019-07-24,33.889999,34.880001,32.680000,33.310001,33.310001,3013100
2019-07-25,33.000000,33.880001,32.049999,32.389999,32.389999,2635300
2019-07-26,32.500000,34.570000,32.250000,34.160000,34.160000,2274800
2019-07-29,34.220001,34.849998,33.799999,34.540001,34.540001,1129400
2019-07-30,36.000000,37.570000,35.020000,35.790001,35.790001,5369100
2019-07-31,35.900002,36.090000,33.900002,35.009998,35.009998,2384300
2019-08-01,35.200001,35.590000,34.500000,35.540001,35.540001,2628900
2019-08-02,34.980000,36.520000,34.660000,36.480000,36.480000,2283800
2019-08-05,35.220001,35.450001,33.770000,34.470001,34.470001,3199900
2019-08-06,35.080002,35.700001,34.330002,35.599998,35.599998,1805400
2019-08-07,34.650002,35.470001,34.520000,35.410000,35.410000,1518400
2019-08-08,35.779999,38.470001,35.779999,38.099998,38.099998,2928400
2019-08-09,37.630001,37.669998,35.799999,36.070000,36.070000,3595100
2019-08-12,35.200001,35.389999,33.820000,34.259998,34.259998,2661700
2019-08-13,33.939999,35.299999,33.509998,34.900002,34.900002,1821100
2019-08-14,33.750000,34.630001,33.259998,33.580002,33.580002,2665300
2019-08-15,33.919998,34.490002,30.209999,30.520000,30.520000,7326100
2019-08-16,31.559999,32.790001,31.120001,31.700001,31.700001,2419700
2019-08-19,32.080002,33.230000,32.080002,32.240002,32.240002,2178100
2019-08-20,32.110001,32.700001,31.469999,31.510000,31.510000,1513100
2019-08-21,31.879999,32.400002,31.510000,32.090000,32.090000,1387400
2019-08-22,32.180000,32.910000,31.799999,32.459999,32.459999,1569600
2019-08-23,32.279999,32.849998,30.639999,30.690001,30.690001,1445200
2019-08-26,31.200001,31.200001,30.049999,30.510000,30.510000,1398600
2019-08-27,30.780001,31.000000,29.969999,30.330000,30.330000,1070200
2019-08-28,30.190001,30.700001,29.670000,30.680000,30.680000,1447300
2019-08-29,30.870001,31.340000,30.020000,30.590000,30.590000,1404300
2019-08-30,30.770000,31.170000,29.980000,30.080000,30.080000,1491000
2019-09-03,29.500000,30.809999,29.219999,30.090000,30.090000,1462000
2019-09-04,30.799999,32.750000,30.309999,32.279999,32.279999,1812600
2019-09-05,32.660000,34.520000,32.480000,33.840000,33.840000,2155200
2019-09-06,34.130001,34.939999,33.500000,33.599998,33.599998,1724600
2019-09-09,33.840000,34.000000,31.490000,31.850000,31.850000,1529700
2019-09-10,31.480000,32.209999,30.910000,31.090000,31.090000,1954400
2019-09-11,31.080000,32.139999,30.940001,31.830000,31.830000,1300400
2019-09-12,32.150002,33.590000,32.099998,32.790001,32.790001,1506800
2019-09-13,32.980000,33.419998,32.310001,32.889999,32.889999,912000
2019-09-16,32.689999,34.680000,32.450001,33.490002,33.490002,1284400
2019-09-17,33.799999,36.939999,33.799999,36.820000,36.820000,3277800
2019-09-18,36.490002,36.810001,35.320000,36.580002,36.580002,1544800
2019-09-19,36.959999,39.450001,36.919998,37.279999,37.279999,4687300
2019-09-20,37.189999,37.279999,35.650002,36.029999,36.029999,2209900
2019-09-23,35.840000,36.610001,35.430000,35.619999,35.619999,1081200
2019-09-24,35.900002,36.180000,34.009998,34.790001,34.790001,1666100
2019-09-25,34.799999,35.279999,33.980000,35.049999,35.049999,1243300
2019-09-26,35.000000,35.860001,34.619999,35.639999,35.639999,1016800
2019-09-27,35.750000,36.000000,33.439999,34.299999,34.299999,2242100
2019-09-30,34.549999,34.980000,33.419998,34.779999,34.779999,976100
2019-10-01,34.730000,34.900002,33.540001,34.150002,34.150002,1388100
2019-10-02,33.849998,33.849998,31.780001,32.380001,32.380001,3649000
2019-10-03,32.419998,33.599998,31.709999,33.490002,33.490002,1187700
2019-10-04,33.500000,34.009998,32.930000,33.950001,33.950001,892900
2019-10-07,34.029999,34.500000,33.660000,33.889999,33.889999,765300
2019-10-08,33.599998,33.790001,32.139999,32.259998,32.259998,1805700
2019-10-09,32.570000,33.790001,32.250000,33.570000,33.570000,991100
2019-10-10,33.450001,34.590000,33.430000,33.910000,33.910000,915700
2019-10-11,34.349998,35.150002,34.349998,34.580002,34.580002,718700
2019-10-14,34.580002,35.119999,34.580002,34.990002,34.990002,715600
2019-10-15,34.189999,34.400002,32.830002,33.720001,33.720001,2913600
2019-10-16,33.450001,34.349998,32.910000,33.959999,33.959999,1570200
2019-10-17,34.139999,35.660000,34.110001,34.900002,34.900002,1252500
2019-10-18,35.299999,35.869999,33.619999,34.020000,34.020000,1347300
2019-10-21,34.340000,34.369999,33.369999,34.180000,34.180000,425300
2019-10-22,34.369999,35.060001,31.430000,31.549999,31.549999,1789700
2019-10-23,31.459999,33.090000,30.930000,33.020000,33.020000,1889100
2019-10-24,33.279999,34.099998,32.630001,33.779999,33.779999,867500
2019-10-25,33.630001,36.540001,33.599998,36.470001,36.470001,2756400
2019-10-28,36.500000,36.820000,34.709999,35.389999,35.389999,1182600
2019-10-29,35.400002,35.660000,34.720001,35.310001,35.310001,855400
2019-10-30,36.189999,36.730000,34.750000,36.529999,36.529999,1254300
2019-10-31,36.880001,36.889999,36.119999,36.790001,36.790001,1398100
2019-11-01,36.900002,38.200001,36.590000,37.650002,37.650002,2138100
2019-11-04,37.980000,38.369999,37.520000,38.090000,38.090000,1565400
2019-11-05,37.799999,37.810001,34.299999,35.020000,35.020000,3019200
2019-11-06,34.529999,34.770000,33.509998,34.220001,34.220001,2869500
2019-11-07,34.250000,34.900002,33.860001,33.990002,33.990002,1344800
2019-11-08,33.549999,35.439999,33.520000,35.200001,35.200001,977000
2019-11-11,34.980000,35.529999,34.630001,35.250000,35.250000,944900
2019-11-12,35.340000,36.230000,35.099998,35.990002,35.990002,1344900
2019-11-13,35.750000,36.310001,35.619999,35.990002,35.990002,1438700
2019-11-14,35.759998,37.099998,35.520000,36.950001,36.950001,1088300
2019-11-15,37.169998,38.110001,36.639999,37.900002,37.900002,1628100
2019-11-18,37.970001,38.110001,36.689999,36.740002,36.740002,1961900
2019-11-19,37.169998,37.450001,35.930000,36.130001,36.130001,1903100
2019-11-20,35.900002,36.290001,33.930000,35.150002,35.150002,2452200
2019-11-21,35.200001,36.040001,33.570000,34.349998,34.349998,4898300
2019-11-22,36.490002,41.570000,36.240002,41.389999,41.389999,11170200
2019-11-25,41.060001,41.880001,39.810001,41.090000,41.090000,5213500
2019-11-26,41.290001,41.290001,39.250000,39.349998,39.349998,2627700
2019-11-27,39.759998,41.090000,39.650002,40.619999,40.619999,2355500
2019-11-29,40.700001,41.599998,40.509998,40.980000,40.980000,1387900
2019-12-02,40.700001,40.919998,37.150002,37.709999,37.709999,3725900
2019-12-03,35.950001,38.279999,35.029999,37.849998,37.849998,2094500
2019-12-04,38.290001,39.000000,37.900002,38.299999,38.299999,1409900
2019-12-05,38.369999,38.500000,36.810001,38.320000,38.320000,2280400
2019-12-06,38.630001,39.180000,38.060001,39.099998,39.099998,1763800
2019-12-09,39.090000,40.070000,38.639999,38.730000,38.730000,1629900
2019-12-10,38.529999,38.709999,37.610001,37.910000,37.910000,1281500
2019-12-11,38.180000,38.849998,37.689999,38.700001,38.700001,914500
2019-12-12,38.509998,39.529999,38.230000,38.689999,38.689999,1693600
2019-12-13,38.529999,39.709999,38.480000,39.529999,39.529999,1184300
2019-12-16,39.840000,40.090000,39.160000,39.389999,39.389999,1578400
2019-12-17,39.500000,39.650002,38.330002,39.029999,39.029999,973100
2019-12-18,39.230000,39.549999,38.759998,39.090000,39.090000,636800
2019-12-19,39.299999,39.360001,38.400002,39.090000,39.090000,993400
2019-12-20,39.220001,39.340000,37.860001,38.009998,38.009998,2159000
2019-12-23,38.009998,38.160000,37.509998,38.130001,38.130001,1574400
2019-12-24,38.139999,38.849998,38.130001,38.570000,38.570000,335200
2019-12-26,38.810001,38.939999,38.380001,38.820000,38.820000,658600
2019-12-27,38.869999,39.290001,38.650002,39.070000,39.070000,740300
2019-12-30,39.209999,39.270000,37.910000,38.360001,38.360001,916200
2019-12-31,38.110001,39.910000,38.029999,39.889999,39.889999,915100
2020-01-02,40.740002,43.009998,40.599998,42.790001,42.790001,4027500
2020-01-03,41.880001,42.549999,41.250000,42.209999,42.209999,1453800
2020-01-06,41.720001,41.750000,40.349998,41.020000,41.020000,1788100
2020-01-07,40.810001,41.459999,40.459999,40.700001,40.700001,1076500
2020-01-08,40.790001,41.959999,40.099998,41.869999,41.869999,1591500
2020-01-09,42.330002,43.320000,41.549999,41.880001,41.880001,2238200
2020-01-10,42.080002,43.000000,40.549999,42.759998,42.759998,2103000
2020-01-13,43.200001,43.570000,41.009998,41.680000,41.680000,1794600
2020-01-14,41.759998,42.209999,41.209999,41.310001,41.310001,1729700
2020-01-15,41.360001,41.549999,40.400002,41.040001,41.040001,1570400
2020-01-16,41.439999,42.419998,41.020000,41.080002,41.080002,1092300
2020-01-17,41.090000,42.480000,40.830002,42.040001,42.040001,1080600
2020-01-21,42.000000,42.990002,41.650002,42.250000,42.250000,1618000
2020-01-22,42.820000,45.040001,42.610001,44.639999,44.639999,3889800
2020-01-23,44.880001,45.270000,44.029999,45.029999,45.029999,1547200
2020-01-24,45.000000,45.480000,42.919998,43.150002,43.150002,1616900
2020-01-27,41.459999,42.029999,39.910000,41.160000,41.160000,2010000
2020-01-28,41.369999,43.770000,41.250000,43.509998,43.509998,1398100
2020-01-29,43.680000,44.000000,42.849998,43.439999,43.439999,1307400
2020-01-30,42.950001,44.320000,42.910000,44.299999,44.299999,2304700
2020-01-31,44.099998,44.200001,43.009998,43.439999,43.439999,1717900
2020-02-03,43.520000,45.720001,43.520000,45.299999,45.299999,1903500
2020-02-04,44.549999,44.990002,42.840000,43.139999,43.139999,4361300
2020-02-05,44.070000,44.389999,41.939999,42.279999,42.279999,2112600
2020-02-06,42.610001,42.689999,41.049999,41.590000,41.590000,2371900
2020-02-07,41.250000,41.660000,40.369999,40.779999,40.779999,1469800
2020-02-10,41.619999,41.619999,39.270000,40.049999,40.049999,2288600
2020-02-11,40.349998,40.910000,39.360001,40.189999,40.189999,1982500
2020-02-12,40.520000,40.810001,39.540001,40.790001,40.790001,1913800
2020-02-13,40.500000,42.369999,40.450001,42.009998,42.009998,2146300
2020-02-14,42.380001,42.529999,41.060001,41.820000,41.820000,1436200
2020-02-18,41.549999,42.169998,41.419998,41.820000,41.820000,1593200
2020-02-19,42.060001,44.700001,42.060001,44.310001,44.310001,3035700
2020-02-20,44.080002,44.080002,41.660000,43.730000,43.730000,1642100
2020-02-21,43.419998,43.990002,42.259998,43.480000,43.480000,1426600
2020-02-24,40.540001,42.490002,40.299999,41.779999,41.779999,2223400
2020-02-25,42.180000,43.130001,40.160000,41.000000,41.000000,2812600
2020-02-26,40.570000,42.189999,40.500000,41.570000,41.570000,2707900
2020-02-27,41.029999,43.959999,40.209999,41.849998,41.849998,3943700
2020-02-28,40.689999,42.330002,38.750000,39.889999,39.889999,3992300
2020-03-02,40.459999,43.910000,39.849998,43.860001,43.860001,4325600
2020-03-03,43.400002,46.689999,42.150002,44.290001,44.290001,5186700
2020-03-04,43.750000,44.880001,42.270000,44.349998,44.349998,3990200
2020-03-05,43.820000,44.029999,41.060001,41.709999,41.709999,2833600
2020-03-06,40.279999,40.389999,38.520000,40.000000,40.000000,3580200
2020-03-09,35.700001,37.090000,34.139999,36.029999,36.029999,5223900
2020-03-10,37.709999,40.419998,36.869999,40.310001,40.310001,3123000
2020-03-11,38.720001,39.240002,35.200001,36.340000,36.340000,3088300
2020-03-12,31.959999,32.709999,30.150000,30.219999,30.219999,5109300
2020-03-13,32.709999,33.980000,29.000000,32.500000,32.500000,5085900
2020-03-16,28.000000,29.879999,26.250000,26.320000,26.320000,3474800
2020-03-17,27.010000,27.450001,23.559999,25.160000,25.160000,5085200
2020-03-18,22.900000,23.500000,18.559999,21.740000,21.740000,4961200
2020-03-19,20.920000,25.370001,19.080000,23.620001,23.620001,5508000
2020-03-20,24.230000,26.389999,21.860001,22.030001,22.030001,3484900
2020-03-23,22.100000,22.110001,19.200001,19.889999,19.889999,5280200
2020-03-24,22.270000,23.860001,21.780001,23.740000,23.740000,3863500
2020-03-25,24.330000,26.990000,24.000000,25.530001,25.530001,5415100
2020-03-26,26.450001,28.219999,25.799999,27.969999,27.969999,4623800
2020-03-27,26.180000,26.299999,24.030001,24.440001,24.440001,3164600
2020-03-30,24.520000,25.400000,23.330000,23.500000,23.500000,2516700
2020-03-31,23.230000,23.900000,21.520000,21.770000,21.770000,3961300
2020-04-01,20.910000,21.200001,19.139999,19.530001,19.530001,4177400
2020-04-02,19.490000,20.590000,19.389999,19.879999,19.879999,3197600
2020-04-03,19.879999,20.280001,17.719999,17.820000,17.820000,4898300
2020-04-06,19.410000,22.480000,19.290001,22.240000,22.240000,4637400
2020-04-07,23.990000,25.480000,23.129999,23.639999,23.639999,4412400
2020-04-08,23.870001,25.629999,23.870001,25.480000,25.480000,2611300
2020-04-09,26.950001,27.280001,25.000000,25.139999,25.139999,2920900
2020-04-13,25.090000,25.090000,22.500000,23.010000,23.010000,4340300
2020-04-14,24.520000,25.650000,23.760000,24.629999,24.629999,3230000
2020-04-15,23.559999,24.250000,23.559999,23.940001,23.940001,2292700
2020-04-16,24.160000,24.280001,22.629999,22.940001,22.940001,3027800
2020-04-17,24.250000,25.090000,23.700001,24.100000,24.100000,3741700
2020-04-20,23.160000,23.600000,22.059999,22.430000,22.430000,4868500
2020-04-21,21.809999,22.290001,20.879999,21.209999,21.209999,4463600
2020-04-22,21.870001,23.200001,21.270000,23.000000,23.000000,4430400
2020-04-23,23.110001,24.450001,22.920000,23.180000,23.180000,4527400
2020-04-24,23.100000,23.200001,21.370001,22.080000,22.080000,4581600
2020-04-27,22.740000,23.809999,22.510000,23.750000,23.750000,2657000
2020-04-28,24.500000,25.590000,23.770000,25.270000,25.270000,3522700
2020-04-29,26.700001,28.530001,26.660000,28.040001,28.040001,4664600
2020-04-30,27.549999,27.850000,25.650000,26.379999,26.379999,3674500
2020-05-01,25.090000,25.959999,24.900000,25.400000,25.400000,1990400
2020-05-04,24.770000,26.549999,24.500000,26.400000,26.400000,2178000
2020-05-05,27.290001,27.740000,26.500000,26.740000,26.740000,1996100
2020-05-06,27.379999,28.020000,26.730000,27.059999,27.059999,3447000
2020-05-07,27.709999,28.440001,26.790001,26.990000,26.990000,4272300
2020-05-08,27.709999,28.320000,27.250000,28.100000,28.100000,2838300
2020-05-11,29.000000,29.000000,26.860001,27.129999,27.129999,2774800
2020-05-12,26.600000,26.790001,23.709999,23.799999,23.799999,6873000
2020-05-13,24.000000,24.040001,21.030001,21.150000,21.150000,7108900
2020-05-14,20.920000,22.280001,20.389999,22.100000,22.100000,4868800
2020-05-15,21.809999,22.520000,21.500000,21.879999,21.879999,3313200
2020-05-18,23.180000,24.690001,22.740000,24.400000,24.400000,6221400
2020-05-19,24.639999,25.180000,24.020000,24.260000,24.260000,3522600
2020-05-20,24.760000,25.700001,24.270000,24.410000,24.410000,3135800
2020-05-21,24.590000,25.010000,23.559999,24.700001,24.700001,3555700
2020-05-22,24.780001,24.980000,23.790001,24.459999,24.459999,2533800
2020-05-26,25.719999,26.840000,24.990000,26.700001,26.700001,8968000
2020-05-27,32.799999,34.450001,31.020000,34.009998,34.009998,23807300
2020-05-28,33.900002,33.900002,31.020000,31.379999,31.379999,10193400
2020-05-29,30.040001,31.770000,29.600000,31.680000,31.680000,9347400
2020-06-01,31.650000,33.049999,31.650000,31.889999,31.889999,2990600
2020-06-02,32.270000,32.919998,31.910000,32.619999,32.619999,2382800
2020-06-03,33.080002,37.709999,32.799999,35.450001,35.450001,6466700
2020-06-04,35.230000,37.290001,34.720001,36.310001,36.310001,3720700
2020-06-05,37.900002,39.509998,37.700001,39.230000,39.230000,6165300
2020-06-08,40.000000,40.169998,38.820000,39.310001,39.310001,3915800
2020-06-09,37.860001,39.689999,37.500000,38.599998,38.599998,2465100
2020-06-10,38.759998,39.139999,37.540001,38.419998,38.419998,2245200
2020-06-11,35.049999,36.660000,34.279999,34.580002,34.580002,4326600
2020-06-12,36.459999,37.240002,35.110001,36.990002,36.990002,2542200
2020-06-15,35.509998,37.040001,33.830002,36.950001,36.950001,3686400
2020-06-16,38.930000,39.259998,36.549999,37.430000,37.430000,3781400
2020-06-17,37.759998,38.389999,37.009998,37.250000,37.250000,2145600
2020-06-18,36.639999,38.849998,36.369999,38.570000,38.570000,2400600
2020-06-19,39.490002,39.910000,38.110001,38.139999,38.139999,3069300
2020-06-22,38.220001,39.950001,38.049999,39.689999,39.689999,2333100
2020-06-23,40.450001,42.880001,40.450001,41.549999,41.549999,4561900
2020-06-24,41.279999,41.799999,38.209999,38.430000,38.430000,3408600
2020-06-25,38.590000,40.090000,37.709999,39.959999,39.959999,2597700
2020-06-26,39.520000,39.939999,37.500000,37.939999,37.939999,11977100
2020-06-29,38.259998,38.660000,36.669998,38.200001,38.200001,1817700
2020-06-30,37.970001,39.169998,37.889999,38.759998,38.759998,1693100
2020-07-01,38.939999,39.790001,38.259998,39.509998,39.509998,1754100
2020-07-02,40.070000,40.980000,39.490002,40.110001,40.110001,1873500
2020-07-06,41.099998,41.369999,40.099998,40.570000,40.570000,1161400
2020-07-07,40.389999,41.130001,39.849998,40.130001,40.130001,1514400
2020-07-08,40.240002,41.840000,40.209999,41.529999,41.529999,1876400
2020-07-09,42.000000,42.000000,40.330002,41.439999,41.439999,1695300
2020-07-10,40.500000,40.990002,39.529999,39.840000,39.840000,2486800
2020-07-13,40.439999,40.889999,38.459999,38.549999,38.549999,1683300
2020-07-14,37.709999,38.439999,36.709999,38.389999,38.389999,2355800
2020-07-15,39.680000,41.220001,39.330002,40.709999,40.709999,2176800
2020-07-16,39.380001,40.590000,39.380001,40.360001,40.360001,903800
2020-07-17,40.570000,40.790001,39.730000,40.540001,40.540001,922000
2020-07-20,40.540001,41.980000,40.279999,41.910000,41.910000,1164000
2020-07-21,42.500000,43.169998,42.009998,42.360001,42.360001,1829100
2020-07-22,42.279999,43.080002,41.939999,42.790001,42.790001,1445500
2020-07-23,42.669998,44.900002,42.509998,43.009998,43.009998,2446800
2020-07-24,42.389999,43.500000,41.910000,42.680000,42.680000,1180500
2020-07-27,43.299999,45.160000,42.840000,45.029999,45.029999,1208500
2020-07-28,45.180000,45.400002,44.230000,44.240002,44.240002,1327700
2020-07-29,45.250000,47.060001,44.730000,46.900002,46.900002,1873900
2020-07-30,46.290001,47.419998,44.820000,47.029999,47.029999,1698700
2020-07-31,47.470001,47.869999,46.400002,47.709999,47.709999,1603800
2020-08-03,48.169998,49.200001,47.799999,48.119999,48.119999,2136500
2020-08-04,47.980000,48.430000,46.560001,47.200001,47.200001,2659100
2020-08-05,48.090000,48.709999,47.320000,47.860001,47.860001,2112100
2020-08-06,48.009998,49.470001,47.500000,49.090000,49.090000,2208500
2020-08-07,49.950001,50.419998,48.130001,49.060001,49.060001,3792200
2020-08-10,49.720001,50.599998,47.049999,47.180000,47.180000,2143600
2020-08-11,47.410000,55.000000,46.230000,52.389999,52.389999,9477300
2020-08-12,49.730000,52.160000,47.830002,49.290001,49.290001,8460700
2020-08-13,48.599998,49.529999,48.240002,49.009998,49.009998,12902500
2020-08-14,48.500000,49.009998,47.930000,48.209999,48.209999,4195700
2020-08-17,48.599998,49.369999,48.259998,48.860001,48.860001,4255600
2020-08-18,49.240002,52.209999,49.000000,51.279999,51.279999,5558800
2020-08-19,51.520000,52.090000,50.459999,50.619999,50.619999,2357500
2020-08-20,50.119999,50.730000,48.930000,49.410000,49.410000,2877300
2020-08-21,49.349998,50.150002,49.169998,49.840000,49.840000,1953000
2020-08-24,50.560001,51.380001,49.459999,50.000000,50.000000,1673900
2020-08-25,50.290001,51.040001,49.750000,50.779999,50.779999,1170500
2020-08-26,50.570000,50.990002,48.610001,48.900002,48.900002,3262500
2020-08-27,49.250000,50.779999,48.730000,50.560001,50.560001,3423100
2020-08-28,50.669998,52.660000,50.580002,51.869999,51.869999,2796300
2020-08-31,51.869999,51.919998,50.740002,51.000000,51.000000,1522800
2020-09-01,51.490002,53.840000,51.060001,52.810001,52.810001,2018800
2020-09-02,53.209999,53.490002,51.049999,52.380001,52.380001,2920300
2020-09-03,51.720001,51.720001,49.720001,50.290001,50.290001,5779700
2020-09-04,49.189999,51.099998,48.680000,50.000000,50.000000,5320100
2020-09-08,48.009998,49.910000,46.599998,49.810001,49.810001,2872400
2020-09-09,51.180000,51.520000,49.669998,50.660000,50.660000,3229000
2020-09-10,51.139999,53.080002,50.970001,51.040001,51.040001,2750400
2020-09-11,51.310001,51.810001,49.860001,50.490002,50.490002,1168400
2020-09-14,51.500000,53.189999,51.500000,51.680000,51.680000,1491500
2020-09-15,52.220001,54.139999,51.930000,53.720001,53.720001,1603900
2020-09-16,54.340000,55.430000,53.529999,53.660000,53.660000,1944800
2020-09-17,52.130001,53.090000,51.180000,52.259998,52.259998,2093800
2020-09-18,52.389999,52.709999,50.160000,51.500000,51.500000,1966600
2020-09-21,49.970001,51.419998,48.950001,51.410000,51.410000,1571500
2020-09-22,52.369999,53.090000,51.630001,52.939999,52.939999,1529600
2020-09-23,52.919998,53.939999,51.990002,52.250000,52.250000,2029600
2020-09-24,51.560001,53.610001,51.169998,52.419998,52.419998,1308900
2020-09-25,52.500000,53.860001,51.360001,53.130001,53.130001,2006300
2020-09-28,54.509998,55.000000,52.750000,52.830002,52.830002,2584900
2020-09-29,52.750000,53.700001,52.509998,53.349998,53.349998,1342500
2020-09-30,53.330002,53.919998,52.250000,52.889999,52.889999,1285600
2020-10-01,53.799999,54.910000,53.650002,54.410000,54.410000,1780500
2020-10-02,53.330002,54.470001,52.230000,52.740002,52.740002,2017900
2020-10-05,53.380001,54.560001,53.279999,54.299999,54.299999,1438600
2020-10-06,54.169998,56.570000,54.169998,55.259998,55.259998,2034500
2020-10-07,56.959999,58.200001,56.419998,57.990002,57.990002,2320600
2020-10-08,58.549999,58.869999,56.930000,58.419998,58.419998,1065300
2020-10-09,58.279999,59.889999,58.270000,58.590000,58.590000,1595900
2020-10-12,59.720001,59.720001,57.570000,58.119999,58.119999,1147200
2020-10-13,58.090000,58.990002,57.759998,58.509998,58.509998,783400
2020-10-14,58.480000,58.990002,56.939999,57.570000,57.570000,1199800
2020-10-15,56.560001,58.259998,56.450001,58.000000,58.000000,880800
2020-10-16,58.610001,59.049999,57.470001,57.900002,57.900002,1221100
2020-10-19,58.669998,60.049999,56.750000,57.080002,57.080002,1780600
2020-10-20,57.279999,60.360001,57.279999,59.200001,59.200001,1834000
2020-10-21,59.290001,60.759998,58.570000,59.860001,59.860001,1567400
2020-10-22,60.500000,60.500000,56.919998,57.880001,57.880001,2281400
2020-10-23,59.250000,59.380001,57.410000,59.000000,59.000000,1814900
2020-10-26,58.240002,58.730000,55.450001,56.150002,56.150002,2597200
2020-10-27,57.279999,58.000000,55.759998,55.980000,55.980000,1920800
2020-10-28,53.900002,54.220001,52.910000,53.619999,53.619999,2542400
2020-10-29,54.189999,56.110001,53.660000,55.520000,55.520000,2449500
2020-10-30,56.650002,58.000000,50.400002,52.540001,52.540001,5907500
2020-11-02,53.110001,55.240002,52.419998,52.950001,52.950001,3602900
2020-11-03,53.549999,54.290001,52.619999,53.380001,53.380001,2325600
2020-11-04,54.720001,59.040001,54.509998,58.820000,58.820000,3318600
2020-11-05,59.919998,61.779999,59.599998,61.070000,61.070000,1898700
2020-11-06,60.759998,62.360001,59.750000,62.220001,62.220001,1982800
2020-11-09,62.340000,64.059998,61.400002,63.040001,63.040001,2756100
2020-11-10,62.310001,63.000000,59.840000,62.560001,62.560001,3679200
2020-11-11,62.750000,65.589996,62.750000,64.169998,64.169998,2346400
2020-11-12,64.370003,65.440002,63.540001,64.550003,64.550003,1629000
2020-11-13,65.190002,65.589996,63.580002,64.440002,64.440002,1542400
2020-11-16,64.519997,66.279999,64.349998,65.519997,65.519997,2605000
2020-11-17,65.580002,67.750000,64.620003,66.800003,66.800003,1791800
2020-11-18,67.660004,69.029999,66.860001,67.930000,67.930000,2820000
2020-11-19,67.870003,69.230003,67.620003,68.820000,68.820000,2136600
2020-11-20,68.930000,70.169998,68.080002,69.750000,69.750000,3264900
2020-11-23,70.959999,73.230003,69.889999,72.669998,72.669998,2904300
2020-11-24,73.629997,74.050003,71.010002,71.839996,71.839996,3036100
2020-11-25,71.570000,72.290001,69.849998,70.510002,70.510002,2681500
2020-11-27,71.519997,74.000000,71.160004,73.279999,73.279999,1465000
2020-11-30,73.250000,73.660004,70.910004,73.220001,73.220001,2147200
2020-12-01,74.029999,74.930000,73.239998,73.309998,73.309998,1941900
2020-12-02,72.199997,72.510002,70.320000,70.720001,70.720001,2124800
2020-12-03,71.089996,73.180000,70.769997,71.139999,71.139999,2398500
2020-12-04,72.230003,74.820000,71.589996,73.750000,73.750000,2826800
2020-12-07,74.089996,74.650002,72.940002,73.500000,73.500000,959700
2020-12-08,73.370003,74.750000,73.160004,74.260002,74.260002,1862000
2020-12-09,74.459999,74.930000,70.830002,71.680000,71.680000,1922700
2020-12-10,70.949997,74.849998,69.730003,74.570000,74.570000,1713900
2020-12-11,74.160004,75.389999,74.010002,75.110001,75.110001,1023000
2020-12-14,76.029999,78.970001,75.519997,77.449997,77.449997,2352900
2020-12-15,77.849998,79.949997,77.849998,78.080002,78.080002,1688400
2020-12-16,78.260002,78.900002,76.199997,78.650002,78.650002,1455800
2020-12-17,80.000000,81.500000,79.660004,81.230003,81.230003,2069300
2020-12-18,81.910004,84.510002,81.120003,84.290001,84.290001,5705600
2020-12-21,83.889999,86.000000,83.110001,84.970001,84.970001,1809500
2020-12-22,86.190002,86.739998,83.769997,85.540001,85.540001,2256100
2020-12-23,85.430000,87.230003,83.430000,84.129997,84.129997,2268000
2020-12-24,84.709999,85.419998,83.620003,85.169998,85.169998,1184700
2020-12-28,86.150002,87.209999,82.680000,83.000000,83.000000,2025600
2020-12-29,84.010002,84.010002,80.809998,83.099998,83.099998,2059000
2020-12-30,83.260002,83.870003,81.879997,83.239998,83.239998,1083100
2020-12-31,83.169998,84.180000,82.410004,83.919998,83.919998,985800
2021-01-04,85.000000,85.040001,80.500000,82.669998,82.669998,1441900
2021-01-05,81.559998,83.879997,81.050003,82.879997,82.879997,1333500
2021-01-06,82.089996,82.230003,77.669998,77.949997,77.949997,2044100
2021-01-07,78.360001,80.370003,78.150002,80.230003,80.230003,1979700
2021-01-08,81.010002,81.500000,78.680000,80.089996,80.089996,1596000
2021-01-11,78.970001,80.449997,78.199997,79.769997,79.769997,1716300
2021-01-12,80.000000,80.570000,79.150002,79.879997,79.879997,1734900
2021-01-13,80.269997,80.849998,79.550003,79.580002,79.580002,801400
2021-01-14,79.800003,81.330002,78.730003,79.410004,79.410004,1144900
2021-01-15,79.290001,79.290001,77.269997,78.230003,78.230003,1292100
2021-01-19,79.750000,82.199997,78.279999,79.919998,79.919998,2039900
2021-01-20,80.940002,86.360001,80.180000,82.550003,82.550003,3243500
2021-01-21,83.199997,84.190002,78.900002,79.680000,79.680000,2083000
2021-01-22,78.750000,80.099998,78.269997,79.000000,79.000000,1161800
2021-01-25,79.139999,79.500000,74.370003,75.809998,75.809998,1952000
2021-01-26,76.029999,76.470001,72.879997,73.400002,73.400002,2186700
2021-01-27,71.699997,72.500000,68.459999,69.459999,69.459999,4046200
2021-01-28,71.879997,75.199997,70.000000,74.180000,74.180000,2393500
2021-01-29,75.500000,75.599998,70.510002,71.900002,71.900002,2089700
2021-02-01,73.000000,76.000000,72.150002,74.849998,74.849998,1555400
2021-02-02,76.449997,79.419998,76.269997,78.279999,78.279999,1628200
2021-02-03,78.720001,79.400002,78.070000,78.639999,78.639999,913700
2021-02-04,79.250000,81.860001,78.940002,81.220001,81.220001,1523400
2021-02-05,83.570000,87.419998,83.050003,85.709999,85.709999,2776200
2021-02-08,86.900002,88.790001,85.220001,88.580002,88.580002,1751700
2021-02-09,88.239998,89.510002,86.169998,89.139999,89.139999,1533900
2021-02-10,89.900002,90.910004,87.120003,87.919998,87.919998,1373900
2021-02-11,88.419998,90.989998,88.220001,90.360001,90.360001,1365400
2021-02-12,90.419998,92.750000,90.000000,92.139999,92.139999,1070700
2021-02-16,93.449997,95.000000,92.099998,93.809998,93.809998,1162200
2021-02-17,93.419998,95.120003,92.250000,94.089996,94.089996,2199400
2021-02-18,93.250000,93.680000,89.320000,90.500000,90.500000,1713900
2021-02-19,91.360001,93.419998,91.180000,92.339996,92.339996,912000
2021-02-22,88.000000,89.489998,86.800003,87.559998,87.559998,1874100
2021-02-23,83.570000,88.639999,81.570000,88.190002,88.190002,2325700
2021-02-24,88.110001,89.389999,86.519997,87.989998,87.989998,1972100
2021-02-25,86.650002,87.949997,83.599998,84.449997,84.449997,2192200
2021-02-26,84.379997,87.370003,83.800003,85.809998,85.809998,2023600
2021-03-01,87.300003,90.300003,87.209999,89.669998,89.669998,1375400
2021-03-02,89.599998,89.959999,86.629997,87.769997,87.769997,1787700
2021-03-03,86.989998,87.599998,79.639999,82.309998,82.309998,2776700
2021-03-04,81.500000,83.839996,74.129997,77.250000,77.250000,3642400
2021-03-05,79.349998,79.370003,68.769997,76.669998,76.669998,4261000
2021-03-08,75.430000,76.529999,68.760002,69.330002,69.330002,3805300
2021-03-09,72.900002,72.900002,70.500000,70.910004,70.910004,4041100
2021-03-10,72.019997,74.260002,69.800003,70.709999,70.709999,2293400
2021-03-11,73.379997,77.260002,73.000000,76.410004,76.410004,3640100
2021-03-12,70.349998,72.349998,66.900002,71.790001,71.790001,6542800
2021-03-15,71.760002,72.410004,69.709999,70.790001,70.790001,2299500
2021-03-16,71.169998,73.000000,68.339996,69.529999,69.529999,1989400
2021-03-17,68.389999,70.699997,66.260002,70.209999,70.209999,2532500
2021-03-18,69.000000,69.680000,66.400002,66.790001,66.790001,2524600
2021-03-19,66.959999,68.160004,65.599998,66.910004,66.910004,4489600
2021-03-22,67.139999,67.910004,66.440002,67.370003,67.370003,1230400
2021-03-23,66.900002,67.599998,65.750000,66.320000,66.320000,1016600
2021-03-24,67.050003,67.050003,62.310001,62.680000,62.680000,1846300
2021-03-25,61.240002,64.650002,60.500000,64.000000,64.000000,2091400
2021-03-26,64.489998,64.919998,60.520000,62.160000,62.160000,2346200
2021-03-29,62.160000,62.330002,57.349998,59.889999,59.889999,4288000
2021-03-30,59.580002,62.000000,59.119999,61.279999,61.279999,4153300
2021-03-31,61.860001,64.230003,61.080002,61.220001,61.220001,4244200
2021-04-01,63.180000,64.949997,62.759998,64.220001,64.220001,5983400
2021-04-05,65.510002,65.760002,61.709999,63.259998,63.259998,1902500
2021-04-06,63.090000,66.099998,63.009998,65.419998,65.419998,2275200
2021-04-07,65.400002,66.480003,63.639999,64.639999,64.639999,1703500
2021-04-08,65.300003,68.139999,64.980003,67.849998,67.849998,2193900
2021-04-09,67.900002,69.379997,66.400002,67.809998,67.809998,1792500
2021-04-12,67.070000,68.099998,65.360001,67.739998,67.739998,1365100
2021-04-13,68.370003,69.500000,67.360001,68.190002,68.190002,1295300
2021-04-14,68.190002,69.239998,65.690002,66.120003,66.120003,1544200
2021-04-15,67.190002,68.699997,66.529999,67.400002,67.400002,1179900
2021-04-16,67.400002,68.419998,66.500000,68.269997,68.269997,1331300
2021-04-19,68.040001,68.139999,64.839996,66.199997,66.199997,1912800
2021-04-20,66.070000,66.879997,64.199997,65.620003,65.620003,1853000
2021-04-21,65.000000,67.260002,64.589996,66.879997,66.879997,839300
2021-04-22,67.820000,67.910004,65.050003,65.760002,65.760002,1438100
2021-04-23,66.160004,67.760002,65.980003,67.669998,67.669998,940200
2021-04-26,67.589996,70.000000,67.180000,69.900002,69.900002,1448000
2021-04-27,70.330002,70.570000,68.750000,69.639999,69.639999,1626500
2021-04-28,69.320000,70.559998,68.440002,69.389999,69.389999,1142400
2021-04-29,70.260002,70.260002,66.470001,67.129997,67.129997,1485600
2021-04-30,65.820000,65.949997,64.300003,64.639999,64.639999,2189300
2021-05-03,64.980003,65.750000,62.919998,63.980000,63.980000,1728900
2021-05-04,63.119999,63.290001,60.959999,61.990002,61.990002,2529400
2021-05-05,63.200001,63.349998,60.700001,62.349998,62.349998,2684700
2021-05-06,61.880001,62.299999,59.830002,61.279999,61.279999,2820700
2021-05-07,62.029999,64.489998,62.029999,62.490002,62.490002,1965300
2021-05-10,62.480000,62.759998,59.740002,59.799999,59.799999,2641700
2021-05-11,55.590000,61.090000,55.560001,59.970001,59.970001,2807100
2021-05-12,58.580002,60.119999,56.810001,57.049999,57.049999,2742700
2021-05-13,57.919998,58.610001,55.130001,56.150002,56.150002,3916300
2021-05-14,57.070000,59.470001,56.599998,59.209999,59.209999,3712300
2021-05-17,57.759998,59.660000,57.500000,59.410000,59.410000,1865600
2021-05-18,59.810001,61.529999,59.090000,59.369999,59.369999,1770800
2021-05-19,57.529999,59.000000,56.619999,58.919998,58.919998,2140700
2021-05-20,59.500000,61.340000,59.380001,61.200001,61.200001,2524800
2021-05-21,62.020000,63.759998,61.500000,62.889999,62.889999,2205000
2021-05-24,65.190002,65.599998,62.750000,62.990002,62.990002,2826200
2021-05-25,63.419998,65.500000,63.209999,64.739998,64.739998,1893700
2021-05-26,65.279999,66.430000,64.809998,65.970001,65.970001,1402900
2021-05-27,65.269997,66.739998,64.570000,66.320000,66.320000,1345600
2021-05-28,66.800003,67.099998,65.500000,65.970001,65.970001,1834700
2021-06-01,66.589996,67.800003,64.500000,65.139999,65.139999,2912400
2021-06-02,63.450001,67.389999,62.340000,66.070000,66.070000,4681700
2021-06-03,65.419998,65.930000,62.529999,63.840000,63.840000,2114700
2021-06-04,64.379997,64.910004,63.430000,64.129997,64.129997,1322200
2021-06-07,63.959999,64.129997,62.799999,63.480000,63.480000,3006500
2021-06-08,64.500000,65.440002,62.459999,62.860001,62.860001,1954300
2021-06-09,62.830002,63.400002,61.930000,62.389999,62.389999,1649700
2021-06-10,62.080002,63.099998,61.459999,63.040001,63.040001,3275100
2021-06-11,63.430000,63.930000,62.959999,63.320000,63.320000,1330000
2021-06-14,63.119999,64.120003,62.930000,63.980000,63.980000,1365000
2021-06-15,64.139999,64.139999,63.119999,63.560001,63.560001,1921900
2021-06-16,63.439999,64.300003,61.889999,63.340000,63.340000,1267100
2021-06-17,62.779999,66.540001,62.779999,66.309998,66.309998,1760300
2021-06-18,66.389999,68.930000,66.139999,68.290001,68.290001,3589700
2021-06-21,68.269997,69.379997,66.800003,69.220001,69.220001,2004100
2021-06-22,69.180000,70.019997,68.760002,69.230003,69.230003,2040200
2021-06-23,69.019997,70.110001,68.849998,69.099998,69.099998,1473200
2021-06-24,70.419998,70.660004,69.599998,70.419998,70.419998,1607000
2021-06-25,71.080002,71.080002,67.120003,67.449997,67.449997,4188100
2021-06-28,68.029999,68.489998,66.550003,67.910004,67.910004,1353200
2021-06-29,68.000000,68.919998,67.559998,68.290001,68.290001,1652100
2021-06-30,67.830002,68.110001,66.949997,67.059998,67.059998,1643000
2021-07-01,67.279999,68.379997,66.879997,68.349998,68.349998,2123400
2021-07-02,68.940002,70.010002,68.580002,69.910004,69.910004,1815200
2021-07-06,69.730003,70.739998,68.599998,68.720001,68.720001,2830600
2021-07-07,69.510002,70.379997,66.000000,66.769997,66.769997,2311000
2021-07-08,65.559998,65.650002,63.689999,64.820000,64.820000,2654700
2021-07-09,64.870003,65.199997,63.259998,64.300003,64.300003,2833300
2021-07-12,64.260002,64.699997,62.450001,63.230000,63.230000,2939200
2021-07-13,63.029999,63.750000,61.980000,62.470001,62.470001,2206400
2021-07-14,62.849998,63.000000,60.340000,60.490002,60.490002,4462200
2021-07-15,60.619999,60.700001,57.459999,58.240002,58.240002,5579000
2021-07-16,58.509998,58.860001,56.820000,56.980000,56.980000,3423700
2021-07-19,56.070000,56.070000,54.169998,55.790001,55.790001,4145100
2021-07-20,55.709999,58.009998,54.799999,57.660000,57.660000,2732300
2021-07-21,58.000000,59.750000,57.419998,59.299999,59.299999,2368500
2021-07-22,59.369999,59.630001,58.009998,58.570000,58.570000,852900
2021-07-23,58.849998,59.770000,58.130001,59.459999,59.459999,1208700
2021-07-26,59.169998,59.200001,56.230000,56.849998,56.849998,2957700
2021-07-27,56.520000,56.810001,53.189999,55.470001,55.470001,4683000
2021-07-28,56.270000,57.570000,55.349998,57.090000,57.090000,2907400
2021-07-29,57.139999,59.180000,56.700001,59.000000,59.000000,2852900
2021-07-30,58.080002,59.299999,57.950001,58.840000,58.840000,3049200
2021-08-02,59.560001,60.250000,58.400002,58.580002,58.580002,2629000
2021-08-03,58.730000,59.689999,56.340000,57.060001,57.060001,2143900
2021-08-04,57.200001,57.869999,56.270000,56.639999,56.639999,1092900
2021-08-05,56.599998,58.820000,56.439999,57.389999,57.389999,2224300
2021-08-06,57.660000,58.099998,56.669998,56.860001,56.860001,2133500
2021-08-09,57.299999,58.330002,56.580002,58.150002,58.150002,1584300
2021-08-10,58.560001,58.720001,55.849998,55.919998,55.919998,2011300
2021-08-11,56.000000,56.959999,55.389999,56.680000,56.680000,1792600
2021-08-12,56.389999,56.680000,54.770000,55.119999,55.119999,1899200
2021-08-13,55.220001,55.369999,52.689999,53.230000,53.230000,2282700
2021-08-16,52.660000,52.660000,50.169998,51.020000,51.020000,4325300
2021-08-17,50.430000,50.869999,49.110001,50.130001,50.130001,3182200
2021-08-18,50.209999,50.480000,48.360001,48.630001,48.630001,3370200
2021-08-19,48.090000,50.619999,47.810001,49.939999,49.939999,4846700
2021-08-20,49.950001,50.340000,49.639999,50.080002,50.080002,2250900
2021-08-23,50.439999,53.270000,50.299999,52.939999,52.939999,2015000
2021-08-24,53.480000,55.299999,53.380001,55.049999,55.049999,3925200
2021-08-25,53.750000,53.959999,52.090000,52.880001,52.880001,4545000
2021-08-26,51.889999,52.299999,49.919998,50.410000,50.410000,2589600
2021-08-27,50.590000,51.700001,50.340000,51.610001,51.610001,4537000
2021-08-30,51.759998,51.799999,49.450001,49.500000,49.500000,3934700
2021-08-31,45.660000,48.599998,44.500000,46.540001,46.540001,12173500
2021-09-01,47.090000,48.139999,46.889999,47.799999,47.799999,4743600
2021-09-02,47.820000,47.820000,44.549999,44.610001,44.610001,8203100
2021-09-03,45.009998,45.740002,44.220001,44.630001,44.630001,4763400
2021-09-07,45.000000,45.200001,44.619999,44.830002,44.830002,3847600
2021-09-08,44.840000,44.869999,42.450001,42.849998,42.849998,6113100
2021-09-09,42.689999,44.189999,42.680000,43.910000,43.910000,3949500
2021-09-10,44.549999,44.889999,43.320000,43.369999,43.369999,4371200
2021-09-13,43.509998,44.119999,42.169998,43.320000,43.320000,3060800
2021-09-14,43.720001,43.980000,41.470001,41.720001,41.720001,4325400
2021-09-15,41.669998,41.790001,40.389999,40.840000,40.840000,3463200
2021-09-16,40.360001,41.240002,40.119999,40.900002,40.900002,1650700
2021-09-17,41.090000,41.770000,40.630001,41.740002,41.740002,3887800
2021-09-20,40.209999,40.919998,40.049999,40.450001,40.450001,2628100
2021-09-21,40.730000,40.889999,39.320000,40.150002,40.150002,2686200
2021-09-22,40.410000,41.180000,40.160000,40.240002,40.240002,2335800
2021-09-23,40.560001,40.709999,39.919998,40.160000,40.160000,2255000
2021-09-24,39.689999,40.880001,38.869999,40.009998,40.009998,5310600
2021-09-27,39.660000,39.740002,38.209999,38.270000,38.270000,2977400
2021-09-28,37.590000,37.959999,36.049999,36.310001,36.310001,3985700
2021-09-29,36.509998,36.549999,34.570000,34.680000,34.680000,3977700
2021-09-30,34.799999,35.369999,34.279999,34.720001,34.720001,2254800
2021-10-01,34.950001,35.680000,34.400002,35.410000,35.410000,2459400
2021-10-04,35.209999,35.240002,32.970001,33.150002,33.150002,3082200
2021-10-05,33.330002,34.419998,32.720001,33.500000,33.500000,3062100
2021-10-06,32.799999,33.619999,32.160000,33.099998,33.099998,3144700
2021-10-07,33.470001,34.740002,33.470001,34.259998,34.259998,2844300
2021-10-08,34.360001,34.639999,32.439999,33.139999,33.139999,4486500
2021-10-11,32.720001,33.000000,30.709999,30.870001,30.870001,4674000
2021-10-12,31.000000,31.809999,30.820000,31.570000,31.570000,4051000
2021-10-13,31.990000,32.290001,31.120001,32.049999,32.049999,2050200
2021-10-14,32.520000,33.730000,32.410000,33.560001,33.560001,3460700
2021-10-15,33.669998,38.240002,33.590000,37.310001,37.310001,10720100
2021-10-18,37.630001,37.630001,35.869999,37.169998,37.169998,4990800
2021-10-19,37.160000,37.750000,36.160000,37.540001,37.540001,2898900
2021-10-20,37.770000,39.540001,37.709999,39.459999,39.459999,5621700
2021-10-21,39.049999,40.040001,38.700001,38.900002,38.900002,7092500
2021-10-22,38.470001,38.599998,36.150002,36.840000,36.840000,4083000
2021-10-25,37.230000,38.330002,37.029999,37.750000,37.750000,2170900
2021-10-26,38.240002,38.270000,36.099998,36.450001,36.450001,2404900
2021-10-27,36.349998,36.349998,32.720001,33.810001,33.810001,9005500
2021-10-28,34.020000,35.720001,34.000000,34.610001,34.610001,3897600
2021-10-29,34.500000,34.869999,33.700001,33.860001,33.860001,2611000
2021-11-01,34.000000,34.869999,33.720001,33.889999,33.889999,2710700
2021-11-02,33.509998,33.820000,31.930000,32.049999,32.049999,2961700
2021-11-03,32.160000,32.290001,31.309999,31.799999,31.799999,3876800
2021-11-04,32.000000,32.250000,30.740000,30.990000,30.990000,3743600
2021-11-05,31.379999,31.549999,29.850000,30.340000,30.340000,4609400
2021-11-08,30.530001,30.750000,29.920000,30.340000,30.340000,2833500
2021-11-09,30.500000,30.660000,29.209999,29.570000,29.570000,2566200
2021-11-10,29.160000,29.969999,28.400000,28.580000,28.580000,2690400
2021-11-11,29.430000,29.840000,28.719999,28.750000,28.750000,2399500
2021-11-12,29.500000,31.139999,29.320000,30.209999,30.209999,3437000
2021-11-15,30.270000,31.469999,30.100000,31.309999,31.309999,5362200
2021-11-16,31.600000,31.990000,31.139999,31.660000,31.660000,6647800
2021-11-17,26.190001,26.639999,20.670000,20.700001,20.700001,40480000
2021-11-18,21.120001,21.190001,19.070000,19.230000,19.230000,21385300
2021-11-19,19.290001,20.290001,19.120001,19.129999,19.129999,13582600
2021-11-22,19.030001,19.049999,16.500000,17.010000,17.010000,18719100
2021-11-23,17.070000,17.770000,16.719999,17.530001,17.530001,13622000
2021-11-24,17.230000,17.650000,16.910000,17.070000,17.070000,13128700
2021-11-26,16.600000,17.180000,16.190001,16.340000,16.340000,7821900
2021-11-29,16.480000,16.900000,15.740000,16.240000,16.240000,10966600
2021-11-30,16.070000,16.580000,15.000000,15.600000,15.600000,18310800
2021-12-01,15.800000,16.950001,14.770000,15.000000,15.000000,13674500
2021-12-02,15.030000,16.240000,15.000000,16.010000,16.010000,9421100
2021-12-03,16.120001,16.120001,15.070000,15.250000,15.250000,6661100
2021-12-06,15.210000,15.370000,14.020000,15.170000,15.170000,12109300
2021-12-07,15.910000,17.690001,15.900000,16.799999,16.799999,10707600
2021-12-08,16.799999,18.420000,16.299999,17.600000,17.600000,7932300
2021-12-09,17.490000,19.100000,17.299999,17.570000,17.570000,10694200
2021-12-10,17.670000,18.719999,17.420000,17.680000,17.680000,6136600
2021-12-13,17.520000,18.059999,16.129999,16.760000,16.760000,6081200
2021-12-14,16.500000,17.250000,16.120001,16.250000,16.250000,4829500
2021-12-15,16.320000,17.090000,15.760000,17.040001,17.040001,5558700
2021-12-16,17.219999,17.260000,15.220000,15.640000,15.640000,8258800
2021-12-17,15.450000,16.020000,15.250000,15.640000,15.640000,8214900
2021-12-20,15.200000,15.550000,14.910000,14.950000,14.950000,6994800
2021-12-21,15.210000,16.420000,15.080000,16.190001,16.190001,7084800
2021-12-22,16.100000,16.559999,15.880000,15.930000,15.930000,5167600
2021-12-23,15.490000,18.809999,15.450000,17.410000,17.410000,17169200
2021-12-27,17.309999,17.830000,17.129999,17.240000,17.240000,5431100
2021-12-28,17.040001,17.389999,16.240000,16.389999,16.389999,5503600
2021-12-29,16.330000,16.420000,15.680000,15.750000,15.750000,3658200
2021-12-30,15.750000,17.549999,15.660000,17.000000,17.000000,6669100
2021-12-31,16.959999,17.620001,16.840000,16.860001,16.860001,4484000
2022-01-03,17.059999,19.660000,17.059999,19.320000,19.320000,11041300
2022-01-04,18.770000,19.170000,16.719999,17.070000,17.070000,10152600
2022-01-05,16.700001,17.090000,15.620000,15.810000,15.810000,6901400
2022-01-06,16.000000,16.469999,15.320000,15.910000,15.910000,5865200
2022-01-07,15.910000,16.809999,15.820000,16.120001,16.120001,4642100
2022-01-10,16.070000,16.430000,15.210000,16.379999,16.379999,5299600
2022-01-11,16.350000,17.600000,16.219999,17.250000,17.250000,5334300
2022-01-12,17.750000,18.150000,17.120001,17.650000,17.650000,5101600
2022-01-13,17.639999,17.799999,16.620001,16.690001,16.690001,4441700
2022-01-14,16.330000,16.959999,16.059999,16.620001,16.620001,3874400
2022-01-18,16.219999,16.370001,15.070000,15.110000,15.110000,5850800
2022-01-19,15.320000,15.640000,14.790000,15.230000,15.230000,5746300
2022-01-20,15.560000,16.430000,15.120000,15.140000,15.140000,6518500
2022-01-21,14.900000,15.450000,14.410000,14.460000,14.460000,7420300
2022-01-24,13.810000,14.710000,13.140000,14.680000,14.680000,6560700
2022-01-25,14.230000,14.630000,13.550000,14.260000,14.260000,5051300
2022-01-26,14.840000,15.820000,14.460000,14.510000,14.510000,7566400
2022-01-27,14.730000,14.840000,13.790000,13.870000,13.870000,6254800
2022-01-28,14.040000,14.720000,13.690000,14.660000,14.660000,4036900
2022-01-31,14.580000,15.700000,14.580000,15.580000,15.580000,4725600
2022-02-01,15.950000,16.280001,15.480000,16.000000,16.000000,5718900
2022-02-02,15.590000,15.610000,13.960000,14.010000,14.010000,7567100
2022-02-03,13.640000,13.650000,13.010000,13.100000,13.100000,7195200
2022-02-04,13.260000,13.600000,12.550000,13.410000,13.410000,7050700
2022-02-07,13.430000,13.820000,13.280000,13.410000,13.410000,5628000
2022-02-08,13.220000,13.320000,12.760000,12.940000,12.940000,7284800
2022-02-09,13.330000,13.720000,12.960000,13.600000,13.600000,8017700
2022-02-10,13.220000,14.340000,13.040000,13.140000,13.140000,5175900
2022-02-11,13.170000,13.670000,12.580000,12.680000,12.680000,5468500
2022-02-14,12.640000,13.170000,12.400000,12.450000,12.450000,4380600
2022-02-15,12.760000,13.070000,12.570000,13.000000,13.000000,3643700
2022-02-16,12.730000,12.940000,12.120000,12.320000,12.320000,6846900
2022-02-17,12.240000,12.250000,11.100000,11.160000,11.160000,9616400
2022-02-18,11.090000,11.120000,10.420000,10.710000,10.710000,9029200
2022-02-22,10.490000,11.030000,10.360000,10.710000,10.710000,8165100
2022-02-23,10.840000,11.120000,10.450000,10.510000,10.510000,6067400
2022-02-24,9.790000,11.410000,9.620000,11.390000,11.390000,8232700
2022-02-25,11.420000,11.540000,10.800000,11.420000,11.420000,5975400
2022-02-28,11.220000,11.530000,11.040000,11.240000,11.240000,6176000
2022-03-01,11.150000,11.370000,10.740000,10.870000,10.870000,5730900
2022-03-02,10.990000,11.080000,10.460000,11.010000,11.010000,7126000
2022-03-03,11.070000,11.150000,10.420000,10.480000,10.480000,4487300
2022-03-04,10.280000,10.610000,9.710000,9.730000,9.730000,5191500
2022-03-07,9.870000,9.990000,9.190000,9.200000,9.200000,9255000
2022-03-08,9.210000,9.890000,9.020000,9.550000,9.550000,8581700
2022-03-09,9.840000,10.570000,9.840000,10.420000,10.420000,7736500
2022-03-10,10.080000,10.080000,9.280000,9.510000,9.510000,6999900
2022-03-11,9.650000,9.700000,8.920000,8.930000,8.930000,5006700
2022-03-14,8.840000,9.050000,8.320000,8.360000,8.360000,8946400
2022-03-15,8.370000,8.500000,8.050000,8.260000,8.260000,12066500
2022-03-16,8.420000,9.450000,8.420000,9.440000,9.440000,13467800
2022-03-17,9.230000,9.830000,8.900000,9.610000,9.610000,15638500
2022-03-18,12.340000,13.900000,12.090000,13.650000,13.650000,69999900
2022-03-21,13.460000,14.410000,13.270000,13.330000,13.330000,19797700
2022-03-22,13.460000,15.010000,13.330000,14.320000,14.320000,14432200
2022-03-23,14.110000,14.990000,13.730000,14.230000,14.230000,12547500
2022-03-24,14.430000,14.500000,13.740000,14.350000,14.350000,10986300
2022-03-25,14.140000,14.260000,12.160000,12.300000,12.300000,14028300
2022-03-28,12.510000,12.800000,11.960000,12.280000,12.280000,9772000
2022-03-29,12.610000,13.130000,12.600000,13.000000,13.000000,11471700
2022-03-30,12.800000,13.110000,12.070000,12.090000,12.090000,7507600
2022-03-31,12.120000,12.230000,11.250000,11.700000,11.700000,9417300
2022-04-01,11.820000,12.830000,11.820000,12.140000,12.140000,12174000
2022-04-04,12.270000,12.820000,12.270000,12.560000,12.560000,8289100
2022-04-05,12.540000,12.540000,11.570000,11.640000,11.640000,7908600
2022-04-06,11.310000,11.600000,11.010000,11.470000,11.470000,7451700
2022-04-07,11.330000,11.680000,10.850000,11.250000,11.250000,6862700
2022-04-08,11.260000,11.380000,10.800000,11.010000,11.010000,5103000
2022-04-11,10.750000,11.300000,10.660000,10.960000,10.960000,4546400
2022-04-12,11.290000,11.570000,10.390000,10.450000,10.450000,6555500
2022-04-13,10.420000,10.750000,10.290000,10.710000,10.710000,5120500
2022-04-14,10.620000,10.710000,10.160000,10.190000,10.190000,4703700
2022-04-18,10.080000,10.380000,9.800000,10.330000,10.330000,5951900
2022-04-19,10.200000,11.270000,10.170000,11.060000,11.060000,9594900
2022-04-20,10.980000,11.190000,10.110000,10.140000,10.140000,7678000
2022-04-21,10.350000,10.670000,9.400000,9.560000,9.560000,7875300
2022-04-22,9.640000,9.960000,9.190000,9.280000,9.280000,5983600
2022-04-25,9.210000,9.730000,9.090000,9.690000,9.690000,9384600
2022-04-26,9.560000,9.570000,9.060000,9.300000,9.300000,7682700
2022-04-27,9.460000,9.770000,9.210000,9.500000,9.500000,7614300
2022-04-28,9.680000,9.790000,9.200000,9.700000,9.700000,8094200
2022-04-29,9.680000,10.030000,9.380000,9.420000,9.420000,4558200
2022-05-02,9.400000,9.900000,9.200000,9.890000,9.890000,5794900
2022-05-03,9.830000,10.020000,9.460000,9.640000,9.640000,4986000
2022-05-04,9.720000,10.070000,9.010000,9.990000,9.990000,7727600
2022-05-05,9.720000,9.730000,8.710000,8.890000,8.890000,8808600
2022-05-06,8.870000,8.870000,8.100000,8.510000,8.510000,10381600
2022-05-09,8.210000,8.350000,7.710000,7.780000,7.780000,9933500
2022-05-10,8.040000,8.350000,7.460000,7.860000,7.860000,8677800
2022-05-11,7.800000,7.900000,7.200000,7.240000,7.240000,9867900
2022-05-12,7.000000,7.620000,6.810000,7.260000,7.260000,13717200
2022-05-13,7.580000,8.730000,7.560000,8.720000,8.720000,10479700
2022-05-16,9.060000,9.180000,8.340000,8.360000,8.360000,7672500
2022-05-17,8.610000,9.070000,8.300000,8.900000,8.900000,6684200
2022-05-18,8.630000,9.370000,8.620000,8.760000,8.760000,6142900
2022-05-19,8.690000,9.610000,8.690000,9.350000,9.350000,6851200
2022-05-20,9.510000,9.670000,8.870000,9.330000,9.330000,5740100
2022-05-23,9.300000,9.720000,9.110000,9.600000,9.600000,7230000
2022-05-24,9.300000,9.450000,8.930000,9.030000,9.030000,5930400
2022-05-25,8.980000,9.510000,8.910000,9.430000,9.430000,4267600
2022-05-26,9.340000,9.850000,9.230000,9.710000,9.710000,5198700
2022-05-27,9.830000,10.340000,9.800000,10.280000,10.280000,4877600
2022-05-31,10.300000,10.440000,9.800000,10.040000,10.040000,5948600
2022-06-01,10.050000,10.360000,9.680000,9.720000,9.720000,7312800
2022-06-02,9.660000,10.580000,9.500000,10.420000,10.420000,11901500
2022-06-03,11.290000,11.880000,10.770000,11.800000,11.800000,31076000
2022-06-06,11.910000,12.630000,11.560000,12.060000,12.060000,14094900
2022-06-07,11.690000,12.140000,11.410000,12.130000,12.130000,10616200
2022-06-08,12.130000,12.410000,11.740000,11.890000,11.890000,8359900
2022-06-09,11.690000,11.700000,10.100000,10.120000,10.120000,12339000
2022-06-10,9.770000,10.020000,8.960000,9.070000,9.070000,10767800
2022-06-13,8.470000,8.620000,8.090000,8.110000,8.110000,9064600
2022-06-14,8.330000,8.400000,7.860000,8.230000,8.230000,7907500
2022-06-15,8.330000,8.630000,7.970000,8.510000,8.510000,8615200
2022-06-16,8.140000,8.140000,7.590000,7.630000,7.630000,9928900
2022-06-17,7.740000,8.300000,7.730000,8.100000,8.100000,11668200
2022-06-21,8.350000,8.640000,8.030000,8.100000,8.100000,11545500
2022-06-22,7.920000,8.460000,7.840000,8.200000,8.200000,6474400
2022-06-23,8.220000,8.690000,8.090000,8.500000,8.500000,7149800
2022-06-24,8.590000,9.220000,8.490000,8.860000,8.860000,42637100
2022-06-27,8.900000,8.990000,8.530000,8.840000,8.840000,8724800
2022-06-28,8.840000,8.890000,8.200000,8.240000,8.240000,7355800
2022-06-29,8.130000,8.150000,7.790000,8.080000,8.080000,11036600
2022-06-30,7.930000,8.030000,7.450000,7.700000,7.700000,7329200
2022-07-01,7.650000,8.010000,7.640000,7.770000,7.770000,7043400
2022-07-05,7.580000,8.310000,7.200000,8.280000,8.280000,7769400
2022-07-06,8.260000,8.450000,8.000000,8.210000,8.210000,4578700
2022-07-07,8.250000,8.560000,8.110000,8.520000,8.520000,4357000
2022-07-08,8.280000,8.620000,8.140000,8.420000,8.420000,4391400
2022-07-11,8.200000,8.230000,7.730000,7.860000,7.860000,6710600
2022-07-12,7.850000,8.610000,7.830000,8.500000,8.500000,7763500
2022-07-13,8.190000,8.800000,8.020000,8.740000,8.740000,7343900
2022-07-14,8.650000,8.740000,8.070000,8.080000,8.080000,7250000
2022-07-15,8.330000,8.750000,8.230000,8.590000,8.590000,7084200
2022-07-18,8.800000,9.320000,8.580000,8.650000,8.650000,10858000
2022-07-19,8.900000,9.290000,8.770000,9.270000,9.270000,5890900
2022-07-20,9.320000,9.700000,9.190000,9.500000,9.500000,5954700
2022-07-21,9.410000,9.620000,9.220000,9.520000,9.520000,3225400
2022-07-22,9.550000,9.620000,8.990000,9.170000,9.170000,5814600
2022-07-25,9.220000,9.410000,9.000000,9.260000,9.260000,3679400
2022-07-26,9.080000,9.200000,8.700000,8.800000,8.800000,7477800
2022-07-27,9.120000,9.800000,9.090000,9.770000,9.770000,4640300
2022-07-28,9.590000,9.910000,9.230000,9.660000,9.660000,4967200
2022-07-29,9.580000,9.700000,9.320000,9.580000,9.580000,3977400
2022-08-01,9.410000,9.660000,9.010000,9.420000,9.420000,4552900
2022-08-02,9.240000,9.720000,9.180000,9.480000,9.480000,5011800
2022-08-03,9.810000,10.540000,9.710000,10.500000,10.500000,8503900
2022-08-04,10.700000,11.220000,10.570000,11.070000,11.070000,7976600
2022-08-05,10.570000,11.390000,10.430000,11.070000,11.070000,7094900
2022-08-08,11.270000,12.000000,11.210000,11.660000,11.660000,6418900
2022-08-09,11.440000,11.580000,11.140000,11.370000,11.370000,3890700
2022-08-10,11.990000,12.180000,11.840000,11.940000,11.940000,4099500
2022-08-11,12.200000,12.240000,11.210000,11.310000,11.310000,4889100
2022-08-12,11.660000,12.110000,11.480000,12.060000,12.060000,5434000
2022-08-15,11.870000,12.230000,11.770000,12.100000,12.100000,4748400
2022-08-16,12.330000,12.390000,11.620000,11.790000,11.790000,8304200
2022-08-17,11.550000,11.960000,11.330000,11.720000,11.720000,6016000
2022-08-18,11.600000,11.730000,11.310000,11.660000,11.660000,8566600
2022-08-19,9.760000,9.870000,8.250000,9.060000,9.060000,33897000
2022-08-22,8.510000,9.090000,8.500000,8.720000,8.720000,9513300
2022-08-23,8.750000,9.370000,8.530000,9.350000,9.350000,8440100
2022-08-24,9.390000,10.200000,9.350000,9.900000,9.900000,7806300
2022-08-25,10.000000,10.120000,9.790000,9.990000,9.990000,5674500
2022-08-26,9.930000,10.240000,9.470000,9.600000,9.600000,7025400
2022-08-29,9.370000,9.940000,9.350000,9.540000,9.540000,4143400
2022-08-30,9.800000,9.960000,9.390000,9.510000,9.510000,4216600
2022-08-31,9.650000,9.840000,9.260000,9.480000,9.480000,4490800
2022-09-01,9.380000,9.400000,8.790000,9.190000,9.190000,5494600
2022-09-02,9.340000,9.400000,8.820000,8.900000,8.900000,5558600
2022-09-06,8.510000,8.520000,8.070000,8.260000,8.260000,8212200
2022-09-07,8.250000,8.780000,8.150000,8.760000,8.760000,4832300
2022-09-08,8.550000,8.750000,8.460000,8.740000,8.740000,3703900
2022-09-09,8.970000,9.500000,8.970000,9.450000,9.450000,5247900
2022-09-12,9.580000,9.920000,9.520000,9.790000,9.790000,3928300
2022-09-13,9.060000,9.460000,8.920000,9.280000,9.280000,4845200
2022-09-14,9.270000,9.450000,8.960000,9.430000,9.430000,3128700
2022-09-15,9.240000,9.790000,9.180000,9.480000,9.480000,3163300
2022-09-16,9.140000,9.290000,8.880000,9.040000,9.040000,7926900
2022-09-19,8.910000,9.400000,8.860000,9.380000,9.380000,4664500
2022-09-20,9.230000,9.770000,9.090000,9.680000,9.680000,7812100
2022-09-21,9.800000,10.300000,9.550000,9.940000,9.940000,7713400
2022-09-22,9.880000,10.030000,9.360000,9.570000,9.570000,8478500
2022-09-23,9.300000,9.400000,8.990000,9.270000,9.270000,4869500
2022-09-26,9.170000,9.570000,8.710000,8.730000,8.730000,8952800
2022-09-27,9.000000,9.790000,8.950000,9.100000,9.100000,8598300
2022-09-28,9.170000,9.920000,9.020000,9.810000,9.810000,6346100
2022-09-29,9.510000,9.530000,8.860000,9.070000,9.070000,8730400
2022-09-30,8.970000,9.740000,8.940000,9.530000,9.530000,8242200
2022-10-03,9.810000,10.650000,9.610000,10.550000,10.550000,9247800
2022-10-04,11.050000,11.730000,10.990000,11.690000,11.690000,8268300
2022-10-05,11.320000,11.900000,11.180000,11.750000,11.750000,5478000
2022-10-06,11.720000,12.250000,11.670000,11.880000,11.880000,4588600
2022-10-07,11.510000,12.070000,11.390000,11.640000,11.640000,7225500
2022-10-10,11.690000,11.820000,11.090000,11.330000,11.330000,5172900
2022-10-11,11.230000,11.300000,10.410000,10.610000,10.610000,6768900
2022-10-12,10.640000,10.800000,10.300000,10.750000,10.750000,4270200
2022-10-13,10.150000,11.020000,9.940000,10.770000,10.770000,6988300
2022-10-14,11.060000,11.170000,9.980000,10.010000,10.010000,5401600
2022-10-17,10.410000,10.990000,10.390000,10.690000,10.690000,4637800
2022-10-18,11.130000,11.350000,10.600000,10.800000,10.800000,4182400
2022-10-19,10.510000,10.830000,10.390000,10.420000,10.420000,3498400
2022-10-20,10.420000,10.710000,9.950000,10.100000,10.100000,5192900
2022-10-21,10.020000,10.490000,9.840000,10.420000,10.420000,5618700
2022-10-24,10.390000,10.410000,9.980000,10.290000,10.290000,3590800
2022-10-25,10.320000,10.900000,10.320000,10.450000,10.450000,3669500
2022-10-26,10.250000,10.790000,10.110000,10.220000,10.220000,5135600
2022-10-27,10.260000,10.500000,9.810000,9.890000,9.890000,5623600
2022-10-28,9.860000,10.170000,9.630000,10.170000,10.170000,6243800
2022-10-31,10.090000,10.510000,9.950000,10.500000,10.500000,4580500
2022-11-01,10.870000,11.110000,10.650000,11.010000,11.010000,3114700
2022-11-02,10.960000,11.140000,10.480000,10.490000,10.490000,5414500
2022-11-03,10.250000,12.160000,10.210000,12.040000,12.040000,12149300
2022-11-04,11.990000,12.100000,10.690000,10.810000,10.810000,11433200
2022-11-07,10.930000,10.950000,10.430000,10.700000,10.700000,4298200
2022-11-08,10.690000,11.220000,10.580000,10.750000,10.750000,4857800
2022-11-09,10.500000,10.540000,10.230000,10.230000,10.230000,3430900
2022-11-10,10.970000,11.210000,10.190000,10.220000,10.220000,8625600
2022-11-11,10.340000,11.320000,10.310000,11.050000,11.050000,6931400
2022-11-14,10.920000,11.270000,10.720000,10.950000,10.950000,4596200
2022-11-15,11.390000,11.670000,11.100000,11.390000,11.390000,5177300
2022-11-16,11.150000,11.240000,10.410000,10.470000,10.470000,7804100
2022-11-17,10.120000,10.290000,9.750000,9.870000,9.870000,9739900
2022-11-18,11.330000,11.760000,10.960000,11.530000,11.530000,16937100
2022-11-21,11.410000,11.750000,10.890000,11.180000,11.180000,6402200
2022-11-22,11.110000,11.410000,10.730000,11.240000,11.240000,4458400
2022-11-23,11.090000,11.200000,10.240000,10.440000,10.440000,10255800
2022-11-25,10.350000,10.410000,10.090000,10.310000,10.310000,3464900
2022-11-28,10.770000,11.050000,10.500000,10.580000,10.580000,4239400
2022-11-29,10.650000,11.090000,10.650000,10.920000,10.920000,3586800
2022-11-30,11.040000,11.720000,10.990000,11.680000,11.680000,7279700
2022-12-01,11.970000,12.290000,11.550000,11.750000,11.750000,9848200
2022-12-02,11.490000,11.980000,11.420000,11.910000,11.910000,5113300
2022-12-05,11.820000,11.980000,11.110000,11.270000,11.270000,4878800
2022-12-06,11.310000,11.420000,10.780000,10.960000,10.960000,4672800
2022-12-07,10.660000,10.660000,10.010000,10.270000,10.270000,7027200
2022-12-08,10.400000,10.730000,10.220000,10.280000,10.280000,7060300
2022-12-09,10.200000,10.220000,9.780000,9.860000,9.860000,6838700
2022-12-12,9.810000,9.820000,9.230000,9.500000,9.500000,9969200
2022-12-13,9.980000,10.280000,9.390000,9.410000,9.410000,7224800
2022-12-14,9.450000,9.730000,9.090000,9.520000,9.520000,7820900
2022-12-15,9.340000,9.400000,9.090000,9.160000,9.160000,4092000
2022-12-16,9.040000,9.310000,8.880000,8.990000,8.990000,5433600
2022-12-19,8.960000,9.360000,8.820000,9.300000,9.300000,4537000
2022-12-20,9.300000,9.520000,9.170000,9.260000,9.260000,4873900
2022-12-21,9.330000,9.520000,9.120000,9.470000,9.470000,4516200
2022-12-22,9.380000,9.380000,8.870000,9.240000,9.240000,6407500
2022-12-23,9.270000,9.780000,9.270000,9.600000,9.600000,4592200
2022-12-27,9.540000,9.550000,9.070000,9.140000,9.140000,2390400
2022-12-28,9.080000,9.210000,8.850000,9.170000,9.170000,3573900
2022-12-29,9.270000,9.520000,9.090000,9.500000,9.500000,2291100
2022-12-30,9.320000,9.490000,9.230000,9.440000,9.440000,2713500
2023-01-03,9.470000,9.590000,8.420000,8.470000,8.470000,9879300
2023-01-04,8.580000,8.960000,8.480000,8.760000,8.760000,5143600
2023-01-05,8.600000,9.040000,8.470000,9.010000,9.010000,4559600
2023-01-06,9.030000,9.450000,8.720000,9.290000,9.290000,5085700
2023-01-09,9.440000,9.490000,9.220000,9.330000,9.330000,2640800
2023-01-10,9.330000,9.700000,9.310000,9.600000,9.600000,2935300
2023-01-11,9.630000,9.930000,9.440000,9.910000,9.910000,2988500
2023-01-12,10.000000,10.050000,9.340000,9.990000,9.990000,5356500
2023-01-13,9.870000,9.880000,9.570000,9.680000,9.680000,3320100
2023-01-17,9.700000,10.130000,9.410000,9.730000,9.730000,4236700
2023-01-18,9.850000,10.080000,9.530000,9.760000,9.760000,3524400
2023-01-19,9.540000,9.680000,9.390000,9.620000,9.620000,2102000
2023-01-20,9.720000,9.880000,9.410000,9.760000,9.760000,3430200
2023-01-23,9.850000,10.400000,9.720000,10.150000,10.150000,7293900
2023-01-24,10.100000,10.810000,9.970000,10.670000,10.670000,4535500
2023-01-25,10.620000,11.220000,10.430000,11.190000,11.190000,4358600
2023-01-26,11.420000,11.640000,11.210000,11.600000,11.600000,6154600
2023-01-27,11.540000,11.770000,11.430000,11.530000,11.530000,3905700
2023-01-30,11.300000,11.370000,10.960000,11.130000,11.130000,2898200
2023-01-31,11.150000,11.520000,11.100000,11.160000,11.160000,3833800
2023-02-01,11.210000,11.400000,10.790000,11.350000,11.350000,4772700
2023-02-02,11.750000,11.860000,11.320000,11.470000,11.470000,8208100
2023-02-03,11.110000,11.320000,10.640000,10.700000,10.700000,4801300
2023-02-06,10.510000,10.700000,10.120000,10.170000,10.170000,4711700
2023-02-07,10.160000,10.300000,9.930000,10.200000,10.200000,3608200
2023-02-08,10.150000,10.460000,9.940000,10.150000,10.150000,3435600
2023-02-09,10.250000,10.330000,9.680000,9.890000,9.890000,5797000
2023-02-10,9.790000,9.860000,9.520000,9.620000,9.620000,3787400
2023-02-13,9.630000,9.910000,9.500000,9.640000,9.640000,2610500
2023-02-14,9.540000,9.980000,9.410000,9.760000,9.760000,3514700
2023-02-15,9.710000,10.120000,9.630000,10.090000,10.090000,3168900
2023-02-16,9.830000,10.090000,9.670000,9.720000,9.720000,3817500
2023-02-17,9.590000,9.630000,9.200000,9.290000,9.290000,4098900
2023-02-21,9.160000,9.280000,9.020000,9.070000,9.070000,7114900
2023-02-22,9.110000,9.300000,9.010000,9.070000,9.070000,3640300
2023-02-23,9.180000,9.240000,8.880000,8.960000,8.960000,3753600
2023-02-24,8.800000,8.890000,8.580000,8.650000,8.650000,4165300
2023-02-27,8.800000,8.820000,8.610000,8.690000,8.690000,4130200
2023-02-28,8.680000,8.780000,8.500000,8.510000,8.510000,4992300
2023-03-01,8.600000,8.660000,8.270000,8.400000,8.400000,7966200
2023-03-02,8.270000,8.410000,8.130000,8.240000,8.240000,6010800
2023-03-03,8.350000,8.700000,8.310000,8.510000,8.510000,9209400
2023-03-06,8.590000,9.210000,8.550000,9.110000,9.110000,6137600
2023-03-07,9.040000,9.240000,8.910000,9.100000,9.100000,4373500
2023-03-08,9.200000,9.630000,9.170000,9.570000,9.570000,5432400
2023-03-09,9.510000,9.600000,8.920000,8.920000,8.920000,6299700
2023-03-10,8.890000,9.000000,8.550000,8.720000,8.720000,4865800
2023-03-13,8.490000,8.830000,8.090000,8.590000,8.590000,5801400
2023-03-14,8.920000,9.420000,8.870000,9.090000,9.090000,9835300
2023-03-15,8.880000,9.840000,8.840000,9.200000,9.200000,15941900
2023-03-16,9.200000,9.420000,8.890000,9.410000,9.410000,8053700
2023-03-17,9.410000,9.450000,8.630000,8.870000,8.870000,9984400
2023-03-20,8.790000,9.140000,8.670000,8.930000,8.930000,6907800
2023-03-21,9.080000,9.680000,9.020000,9.570000,9.570000,5813500
2023-03-22,9.590000,9.600000,9.140000,9.150000,9.150000,3876100
2023-03-23,9.200000,9.370000,8.630000,8.830000,8.830000,5806400
2023-03-24,8.750000,8.980000,8.690000,8.940000,8.940000,3261400
2023-03-27,9.110000,9.310000,9.000000,9.180000,9.180000,3638600
2023-03-28,9.250000,9.420000,9.120000,9.230000,9.230000,2998700
2023-03-29,9.380000,9.500000,9.220000,9.450000,9.450000,2943700
2023-03-30,9.590000,9.790000,9.380000,9.480000,9.480000,5938700
2023-03-31,9.490000,9.770000,9.400000,9.540000,9.540000,6696100
2023-04-03,9.500000,9.620000,9.150000,9.230000,9.230000,3608300
2023-04-04,9.310000,9.380000,8.900000,8.950000,8.950000,4526000
2023-04-05,8.840000,9.030000,8.730000,8.970000,8.970000,4925700
2023-04-06,8.900000,9.020000,8.810000,8.950000,8.950000,3585200
2023-04-10,8.860000,9.140000,8.730000,9.070000,9.070000,2756400
2023-04-11,9.280000,10.370000,9.270000,10.180000,10.180000,13618300
2023-04-12,10.350000,10.860000,10.280000,10.510000,10.510000,10746600
2023-04-13,10.600000,11.600000,10.530000,11.390000,11.390000,10747700
2023-04-14,11.370000,11.880000,11.310000,11.840000,11.840000,8116400
2023-04-17,11.850000,11.870000,11.410000,11.410000,11.410000,5664200
2023-04-18,11.440000,11.660000,11.260000,11.640000,11.640000,4854500
2023-04-19,11.440000,11.650000,11.010000,11.300000,11.300000,4425300
2023-04-20,11.150000,11.680000,11.050000,11.600000,11.600000,5224000
2023-04-21,11.580000,11.750000,11.410000,11.740000,11.740000,4157700
2023-04-24,11.730000,12.100000,11.680000,11.730000,11.730000,7907200
2023-04-25,11.480000,12.020000,11.410000,11.800000,11.800000,6473100
2023-04-26,11.880000,12.090000,11.690000,11.720000,11.720000,4170100
2023-04-27,11.900000,12.160000,11.510000,11.800000,11.800000,3548600
2023-04-28,11.720000,12.530000,11.680000,12.320000,12.320000,5119600
2023-05-01,12.320000,12.510000,12.190000,12.440000,12.440000,2631600
2023-05-02,12.400000,12.400000,11.740000,12.060000,12.060000,3622000
2023-05-03,12.190000,12.500000,12.020000,12.210000,12.210000,3021500
2023-05-04,12.270000,13.000000,12.220000,12.680000,12.680000,5991700
2023-05-05,12.830000,13.650000,12.800000,13.600000,13.600000,7051000
2023-05-08,13.620000,14.230000,13.620000,13.810000,13.810000,7330600
2023-05-09,13.660000,13.890000,13.420000,13.460000,13.460000,3393500
2023-05-10,13.660000,13.930000,13.090000,13.400000,13.400000,5653100
2023-05-11,13.390000,14.070000,13.220000,13.940000,13.940000,3782900
2023-05-12,13.940000,14.070000,13.520000,13.810000,13.810000,3452100
2023-05-15,13.850000,14.410000,13.660000,14.100000,14.100000,4442600
2023-05-16,14.030000,14.250000,13.830000,14.020000,14.020000,4807800
2023-05-17,14.020000,14.600000,13.860000,14.500000,14.500000,7955800
2023-05-18,13.900000,13.940000,13.050000,13.620000,13.620000,13237400
2023-05-19,13.730000,14.060000,13.330000,13.360000,13.360000,4883300
2023-05-22,13.550000,14.030000,13.380000,13.790000,13.790000,5601700
2023-05-23,13.770000,14.110000,13.250000,13.270000,13.270000,4126700
2023-05-24,13.150000,13.260000,12.580000,12.660000,12.660000,4594600
2023-05-25,12.770000,13.160000,12.530000,12.970000,12.970000,4384500
2023-05-26,12.950000,12.970000,12.130000,12.260000,12.260000,7444300
2023-05-30,12.370000,12.670000,12.170000,12.520000,12.520000,5152600
2023-05-31,12.480000,12.620000,12.230000,12.530000,12.530000,4841800
2023-06-01,12.450000,13.360000,12.410000,13.110000,13.110000,6249000
2023-06-02,13.300000,13.430000,12.880000,12.990000,12.990000,4144300
2023-06-05,12.920000,12.980000,12.580000,12.770000,12.770000,2843300
2023-06-06,12.730000,13.240000,12.660000,13.150000,13.150000,3080300
2023-06-07,13.300000,13.570000,12.740000,12.880000,12.880000,6853200
2023-06-08,12.880000,13.130000,12.720000,12.780000,12.780000,3465700
2023-06-09,12.910000,12.970000,12.580000,12.700000,12.700000,2499500
2023-06-12,12.790000,13.320000,12.680000,13.250000,13.250000,4775400
2023-06-13,13.850000,14.000000,13.330000,13.540000,13.540000,4508100
2023-06-14,13.520000,13.620000,13.040000,13.070000,13.070000,8457600
2023-06-15,13.040000,13.410000,12.380000,13.210000,13.210000,5138500
2023-06-16,13.350000,13.770000,13.180000,13.520000,13.520000,5050500
2023-06-20,13.410000,14.290000,13.240000,14.190000,14.190000,7061300
2023-06-21,14.190000,14.300000,13.660000,14.220000,14.220000,4700500
2023-06-22,14.030000,14.240000,13.560000,13.570000,13.570000,6044200
2023-06-23,13.410000,13.870000,13.320000,13.550000,13.550000,7063800
2023-06-26,13.500000,13.710000,12.620000,12.800000,12.800000,6091800
2023-06-27,12.910000,12.990000,12.630000,12.810000,12.810000,3365700
2023-06-28,12.710000,13.000000,12.470000,12.750000,12.750000,3479000
2023-06-29,12.910000,12.910000,12.370000,12.470000,12.470000,4190500
2023-06-30,12.610000,12.950000,12.610000,12.740000,12.740000,3183200
2023-07-03,12.770000,12.770000,12.410000,12.660000,12.660000,2200900
2023-07-05,12.460000,12.500000,11.860000,11.980000,11.980000,9572900
2023-07-06,11.750000,11.800000,11.180000,11.330000,11.330000,5243100
2023-07-07,11.330000,11.650000,11.280000,11.310000,11.310000,4278300
2023-07-10,11.210000,11.580000,11.080000,11.410000,11.410000,3760700
2023-07-11,11.380000,11.500000,11.210000,11.390000,11.390000,2672700
2023-07-12,11.700000,12.420000,11.650000,12.270000,12.270000,6685600
2023-07-13,12.350000,13.090000,12.330000,12.850000,12.850000,6244700
2023-07-14,12.860000,12.930000,12.110000,12.170000,12.170000,5330800
2023-07-17,12.230000,12.500000,12.060000,12.430000,12.430000,3082400
2023-07-18,12.450000,12.640000,12.200000,12.330000,12.330000,2546100
2023-07-19,12.430000,12.540000,12.130000,12.170000,12.170000,3344100
2023-07-20,12.060000,12.520000,12.030000,12.440000,12.440000,2847700
2023-07-21,12.560000,13.220000,12.480000,13.090000,13.090000,5483800
2023-07-24,13.200000,13.750000,12.930000,13.410000,13.410000,5827500
2023-07-25,13.530000,13.820000,13.230000,13.290000,13.290000,4072900
2023-07-26,13.400000,13.680000,13.120000,13.440000,13.440000,3011400
2023-07-27,13.600000,13.760000,13.100000,13.260000,13.260000,4184300
2023-07-28,13.450000,13.900000,13.270000,13.810000,13.810000,4308300
2023-07-31,14.160000,14.690000,13.950000,14.490000,14.490000,6922000
2023-08-01,14.350000,14.830000,14.320000,14.650000,14.650000,4336000
2023-08-02,14.250000,14.300000,13.330000,13.600000,13.600000,6193200
2023-08-03,13.920000,14.360000,13.780000,13.830000,13.830000,6262600
2023-08-04,13.900000,14.070000,13.460000,13.490000,13.490000,4162600
2023-08-07,13.500000,14.170000,13.400000,14.130000,14.130000,3636700
2023-08-08,13.740000,13.790000,13.430000,13.770000,13.770000,2948400
2023-08-09,13.810000,13.960000,13.410000,13.630000,13.630000,2950700
2023-08-10,13.850000,14.110000,13.540000,13.680000,13.680000,5452200
2023-08-11,13.510000,13.970000,13.330000,13.600000,13.600000,3751000
2023-08-14,13.520000,13.680000,13.120000,13.430000,13.430000,7325600
2023-08-15,13.260000,13.810000,12.860000,13.620000,13.620000,5823400
2023-08-16,14.090000,14.150000,13.280000,13.340000,13.340000,8555400
2023-08-17,13.670000,13.700000,12.120000,12.330000,12.330000,15689300
2023-08-18,12.100000,12.540000,11.850000,12.320000,12.320000,6748600
2023-08-21,12.350000,12.670000,12.000000,12.350000,12.350000,5469100
2023-08-22,12.450000,12.600000,12.060000,12.310000,12.310000,3281300
2023-08-23,12.390000,12.590000,12.220000,12.270000,12.270000,3885700
2023-08-24,12.270000,12.280000,11.790000,11.830000,11.830000,3945600
2023-08-25,11.810000,12.390000,11.590000,12.190000,12.190000,4922600
2023-08-28,12.200000,12.240000,11.750000,12.100000,12.100000,4026800
2023-08-29,12.050000,12.690000,11.950000,12.660000,12.660000,3547400
2023-08-30,12.570000,12.600000,12.220000,12.250000,12.250000,3316900
2023-08-31,12.300000,12.330000,12.060000,12.260000,12.260000,3041700
2023-09-01,12.400000,12.660000,12.260000,12.540000,12.540000,2925900
2023-09-05,12.370000,12.450000,12.130000,12.280000,12.280000,2352400
2023-09-06,12.290000,12.360000,11.900000,11.950000,11.950000,2958400
2023-09-07,11.810000,11.880000,11.610000,11.690000,11.690000,3017000
2023-09-08,11.680000,11.690000,11.360000,11.490000,11.490000,4182800
2023-09-11,11.590000,11.770000,11.510000,11.670000,11.670000,3303900
2023-09-12,11.500000,11.770000,11.460000,11.530000,11.530000,2356200
2023-09-13,11.570000,11.720000,11.470000,11.580000,11.580000,2820900
2023-09-14,11.700000,11.700000,11.270000,11.610000,11.610000,2949400
2023-09-15,11.560000,11.770000,11.330000,11.360000,11.360000,3886100
2023-09-18,11.320000,11.560000,11.280000,11.390000,11.390000,2851400
2023-09-19,11.330000,11.360000,10.870000,10.960000,10.960000,3917800
2023-09-20,11.110000,11.220000,10.690000,10.750000,10.750000,4440900
2023-09-21,10.550000,10.650000,10.350000,10.400000,10.400000,3618700
2023-09-22,10.510000,10.670000,10.370000,10.640000,10.640000,4278600
2023-09-25,10.440000,10.710000,10.370000,10.520000,10.520000,3732600
2023-09-26,10.420000,10.520000,10.190000,10.320000,10.320000,4007800
2023-09-27,10.380000,10.540000,10.090000,10.240000,10.240000,3426300
2023-09-28,10.260000,10.710000,10.180000,10.640000,10.640000,3122000
2023-09-29,10.770000,11.020000,10.560000,10.670000,10.670000,3410600
2023-10-02,10.620000,10.730000,10.530000,10.680000,10.680000,3110400
2023-10-03,10.510000,10.780000,10.130000,10.250000,10.250000,4149300
2023-10-04,10.650000,10.830000,10.450000,10.500000,10.500000,5550100
2023-10-05,10.340000,10.480000,9.950000,10.080000,10.080000,4670300
2023-10-06,9.970000,10.130000,9.720000,10.010000,10.010000,9506900
2023-10-09,9.870000,10.040000,9.670000,9.910000,9.910000,4964900
2023-10-10,9.970000,10.560000,9.910000,10.400000,10.400000,6132800
2023-10-11,10.410000,10.460000,9.820000,10.000000,10.000000,6067300
2023-10-12,10.040000,10.050000,9.540000,9.610000,9.610000,4383400
2023-10-13,9.710000,9.880000,9.620000,9.710000,9.710000,4444900
2023-10-16,9.750000,9.880000,9.340000,9.760000,9.760000,4291700
2023-10-17,9.650000,10.170000,9.600000,10.040000,10.040000,4930200
2023-10-18,9.890000,10.240000,9.820000,10.090000,10.090000,5434100
2023-10-19,10.090000,10.280000,9.920000,10.120000,10.120000,4255600
2023-10-20,10.190000,10.250000,9.850000,9.950000,9.950000,2701900
2023-10-23,9.840000,10.200000,9.710000,10.010000,10.010000,3339600
2023-10-24,10.080000,10.370000,9.890000,10.090000,10.090000,4522600
2023-10-25,9.950000,9.980000,9.650000,9.820000,9.820000,3205300
2023-10-26,9.850000,10.040000,9.660000,9.710000,9.710000,3194600
2023-10-27,9.770000,9.850000,9.550000,9.600000,9.600000,2349400
2023-10-30,9.780000,9.880000,9.660000,9.730000,9.730000,3901900
2023-10-31,9.680000,9.960000,9.680000,9.910000,9.910000,3676800
2023-11-01,9.910000,10.210000,9.860000,10.160000,10.160000,3775900
2023-11-02,10.230000,10.420000,9.960000,10.400000,10.400000,6468900
2023-11-03,10.590000,11.160000,10.590000,10.940000,10.940000,6012800
2023-11-06,10.990000,11.120000,10.620000,10.690000,10.690000,4056500
2023-11-07,10.680000,10.930000,10.580000,10.600000,10.600000,3645400
2023-11-08,10.570000,10.610000,10.270000,10.370000,10.370000,4635200
2023-11-09,10.600000,10.650000,10.250000,10.290000,10.290000,4898900
2023-11-10,10.300000,10.860000,10.200000,10.720000,10.720000,12928600
2023-11-13,11.150000,12.160000,11.090000,12.100000,12.100000,20072100
2023-11-14,12.440000,12.950000,12.350000,12.850000,12.850000,13796500
2023-11-15,13.260000,14.090000,13.040000,13.560000,13.560000,17588100
2023-11-16,13.740000,14.220000,13.490000,13.680000,13.680000,11752500
2023-11-17,13.800000,14.180000,13.460000,13.870000,13.870000,7451300
2023-11-20,14.010000,14.100000,13.720000,13.910000,13.910000,4517800
2023-11-21,13.750000,13.950000,13.660000,13.720000,13.720000,3611800
2023-11-22,13.920000,14.470000,13.890000,14.190000,14.190000,7292500
2023-11-24,14.150000,14.520000,14.100000,14.500000,14.500000,2824200
2023-11-27,14.500000,14.790000,14.340000,14.710000,14.710000,6051500
2023-11-28,14.720000,14.960000,14.680000,14.900000,14.900000,5092600
2023-11-29,15.000000,15.440000,14.950000,15.310000,15.310000,6344100
2023-11-30,15.230000,15.640000,15.110000,15.600000,15.600000,6847900
2023-12-01,15.650000,16.450001,15.500000,16.400000,16.400000,8078000
2023-12-04,16.230000,16.639999,15.910000,16.430000,16.430000,6005800
2023-12-05,16.400000,16.639999,15.990000,16.209999,16.209999,5262500
2023-12-06,16.370001,16.799999,16.240000,16.270000,16.270000,5164000
2023-12-07,16.290001,16.290001,15.670000,15.950000,15.950000,5287600
2023-12-08,15.950000,16.170000,15.750000,15.840000,15.840000,4099200
2023-12-11,15.900000,15.900000,15.260000,15.680000,15.680000,4824400
2023-12-12,15.630000,16.010000,15.390000,15.910000,15.910000,4251700
2023-12-13,15.970000,16.580000,15.760000,16.580000,16.580000,4865300
2023-12-14,16.950001,17.370001,16.860001,17.010000,17.010000,5787700
2023-12-15,17.120001,17.600000,16.879999,17.080000,17.080000,5662300
2023-12-18,17.459999,17.740000,17.120001,17.500000,17.500000,4591900
2023-12-19,17.620001,18.330000,17.570000,17.959999,17.959999,5070100
2023-12-20,17.900000,18.299999,17.389999,17.410000,17.410000,5101600
2023-12-21,17.700001,17.910000,17.520000,17.840000,17.840000,3520900
2023-12-22,17.940001,18.059999,17.790001,18.010000,18.010000,4198000
2023-12-26,18.059999,18.230000,17.940001,18.160000,18.160000,2839100
2023-12-27,18.200001,18.610001,18.049999,18.530001,18.530001,4337000
2023-12-28,18.500000,18.600000,18.270000,18.290001,18.290001,3169500
2023-12-29,18.299999,18.440001,18.010000,18.030001,18.030001,2738600
2024-01-02,17.760000,17.980000,17.420000,17.670000,17.670000,3906300
2024-01-03,17.350000,17.379999,17.010000,17.070000,17.070000,4176200
2024-01-04,16.950001,16.950001,16.580000,16.620001,16.620001,3600300
2024-01-05,16.670000,17.240000,16.629999,17.100000,17.100000,4797400
2024-01-08,17.270000,17.610001,17.120001,17.459999,17.459999,3642400
2024-01-09,17.020000,17.200001,16.440001,16.670000,16.670000,5839100
2024-01-10,16.629999,17.070000,16.150000,17.020000,17.020000,5653200
2024-01-11,17.040001,17.280001,16.770000,17.040001,17.040001,3722300
2024-01-12,17.379999,17.480000,16.719999,17.110001,17.110001,3992500
2024-01-16,17.020000,18.000000,16.969999,17.680000,17.680000,11367600
2024-01-17,17.370001,17.770000,17.170000,17.549999,17.549999,7254100
2024-01-18,17.799999,18.049999,17.139999,17.379999,17.379999,4892700
2024-01-19,17.430000,17.450001,16.540001,17.030001,17.030001,7069700
2024-01-22,17.650000,18.870001,17.129999,17.330000,17.330000,12460500
2024-01-23,17.430000,17.480000,17.010000,17.080000,17.080000,4392300
2024-01-24,17.469999,17.740000,17.270000,17.370001,17.370001,3844100
2024-01-25,17.549999,17.920000,17.309999,17.900000,17.900000,4289300
2024-01-26,17.900000,18.270000,17.780001,18.100000,18.100000,4192600
2024-01-29,18.120001,18.600000,18.090000,18.320000,18.320000,5144900
2024-01-30,18.270000,18.270000,17.639999,17.809999,17.809999,4138300
2024-01-31,17.719999,17.900000,17.160000,17.190001,17.190001,5716100
2024-02-01,17.100000,17.940001,16.950001,17.879999,17.879999,5386000
2024-02-02,17.670000,18.340000,17.670000,18.209999,18.209999,3858300
2024-02-05,18.059999,18.129999,17.379999,17.620001,17.620001,4005900
2024-02-06,17.559999,17.930000,17.320000,17.920000,17.920000,4514000
2024-02-07,18.059999,18.260000,17.620001,17.969999,17.969999,3660600
2024-02-08,18.000000,18.200001,17.830000,18.160000,18.160000,4244400
2024-02-09,18.610001,19.459999,17.870001,18.110001,18.110001,10934800
2024-02-12,18.059999,18.190001,17.370001,17.549999,17.549999,6079700
2024-02-13,16.950001,17.299999,16.430000,17.020000,17.020000,6967900
2024-02-14,17.299999,17.620001,17.200001,17.520000,17.520000,3671700
2024-02-15,17.100000,17.440001,16.969999,17.200001,17.200001,5270100
2024-02-16,17.180000,17.190001,16.480000,16.500000,16.500000,5993800
2024-02-20,16.389999,16.620001,16.260000,16.570000,16.570000,3534100
2024-02-21,16.200001,16.389999,16.100000,16.230000,16.230000,5293300
2024-02-22,16.500000,16.549999,16.290001,16.500000,16.500000,2974500
2024-02-23,16.480000,17.040001,16.430000,16.830000,16.830000,5140600
2024-02-26,17.000000,17.209999,16.940001,17.059999,17.059999,3264300
2024-02-27,17.160000,17.430000,16.950001,17.370001,17.370001,2815100
2024-02-28,17.100000,17.440001,17.020000,17.260000,17.260000,2356700
2024-02-29,17.490000,17.580000,17.090000,17.209999,17.209999,2904100
2024-03-01,17.209999,17.450001,16.969999,17.120001,17.120001,5280600
2024-03-04,17.090000,17.209999,16.350000,16.420000,16.420000,4933300
2024-03-05,16.260000,16.320000,15.900000,15.980000,15.980000,4942100
2024-03-06,16.500000,16.860001,16.330000,16.389999,16.389999,4148500
2024-03-07,16.420000,16.700001,16.250000,16.600000,16.600000,3684200
2024-03-08,16.650000,16.980000,16.500000,16.680000,16.680000,3535200